review_id,title,release_year,review_sentiment
0002,Hitcher The,1986,neg
0003,Beyond Therapy,1987,pos
0004,Angel Heart,1987,pos
0005,Angel Heart,1987,pos
0006,Radio Days,1987,pos
0007,Nightmare on Elm Street 3: Dream Warriors A,1987,neg
0008,Nightmare on Elm Street 3: Dream Warriors A,1987,neg
0009,Lethal Weapon,1987,neg
0010,Lethal Weapon,1987,pos
0011,Bedroom Window The,1987,pos
0012,Belizaire the Cajun,1986,pos
0013,Hombre mirando al sudeste,1986,pos
0014,Tin Men,1987,pos
0016,Wizard of Oz The,1939,pos
0017,Evil Dead II,1987,pos
0018,Raising Arizona,1987,pos
0019,Raising Arizona,1987,pos
0020,Raising Arizona,1987,pos
0021,Lethal Weapon,1987,pos
0022,Hollywood Shuffle,1987,pos
0023,Blind Date,1987,neg
0024,Blind Date,1987,pos
0025,Toxic Avenger The,1985,neg
0026,Burglar,1987,pos
0027,Hoosiers,1986,pos
0028,Lily Tomlin,1986,pos
0030,Breaker Morant,1980,pos
0031,Stunt Man The,1980,neg
0032,Brother Sun Sister Moon,1973,pos
0033,Long Riders The,1980,pos
0034,Greasers Palace,1972,pos
0035,Shermans March,1986,pos
0036,Raising Arizona,1987,pos
0037,Swimming to Cambodia,1987,pos
0038,Creepshow 2,1987,neg
0039,Secret of My Succe$s The,1987,pos
0040,Shermans March,1986,pos
0042,Extreme Prejudice,1987,pos
0043,Abel,1986,pos
0044,Odd Birds,1985,pos
0045,Hollywood Shuffle,1987,pos
0046,Seven Waves Away,1957,pos
0048,Mitt liv som hund,1985,pos
0049,Right Hand Man The,1987,neg
0050,Amazing Grace and Chuck,1987,pos
0052,Beverly Hills Cop II,1987,neg
0053,Lepke,1975,pos
0054,Koyaanisqatsi,1983,pos
0055,Beyond the Valley of the Dolls,1970,neg
0056,La Bamba,1987,pos
0057,Personal Foul,1987,pos
0058,High Season,1987,pos
0060,Star Wars,1977,pos
0061,Ishtar,1987,neg
0062,Ishtar,1987,pos
0063,Untouchables The,1987,pos
0064,Untouchables The,1987,pos
0065,Prick Up Your Ears,1987,pos
0066,Prick Up Your Ears,1987,pos
0067,Believers The,1987,pos
0068,Believers The,1987,pos
0069,Witches of Eastwick The,1987,pos
0070,Untouchables The,1987,pos
0071,Predator,1987,pos
0072,Tampopo,1986,pos
0073,Tampopo,1986,pos
0074,Witches of Eastwick The,1987,neg
0075,Witches of Eastwick The,1987,pos
0076,Harry and the Hendersons,1987,pos
0077,Full Metal Jacket,1987,pos
0078,Full Metal Jacket,1987,pos
0079,Project X,1987,pos
0080,Weapons of the Spirit,1990,pos
0081,Ping Pong,1986,pos
0082,Innerspace,1987,pos
0083,Personal Services,1987,pos
0084,Straight to Hell,1987,pos
0085,Predator,1987,pos
0086,Spaceballs,1987,neg
0087,Coming Up Roses,1986,pos
0088,Trancers,1985,neg
0089,Jean de Florette,1986,pos
0090,Good Morning Babylon,1987,pos
0092,Ceddo,1978,pos
0093,Full Metal Jacket,1987,pos
0094,Sweet Lorraine,1987,pos
0095,Roxanne,1987,pos
0096,Mona Lisa,1986,pos
0097,Labyrinth,1986,pos
0098,Roxanne,1987,pos
0099,Adventures in Babysitting,1987,pos
0101,Innerspace,1987,pos
0102,Dragnet,1987,neg
0103,My Beautiful Laundrette,1985,pos
0104,Quiet Earth The,1985,pos
0105,Innerspace,1987,pos
0106,RoboCop,1987,pos
0107,RoboCop,1987,pos
0108,RoboCop,1987,pos
0109,Straight to Hell,1987,pos
0110,Lost Boys The,1987,pos
0111,Summer School,1987,pos
0112,La Bamba,1987,pos
0113,RoboCop,1987,pos
0114,Fly The,1986,pos
0115,Superman IV: The Quest for Peace,1987,neg
0116,Superman IV: The Quest for Peace,1987,pos
0117,Superman IV: The Quest for Peace,1987,neg
0118,Living Daylights The,1987,pos
0119,Living Daylights The,1987,pos
0120,Living Daylights The,1987,pos
0121,Stakeout,1987,neg
0122,Adventures in Babysitting,1987,pos
0124,Living Daylights The,1987,pos
0126,Angelic Conversation The,1985,pos
0127,Back to the Beach,1987,neg
0128,Back to the Beach,1987,pos
0129,Whos That Girl?,1987,neg
0130,Nadine,1987,pos
0131,Vampiros en La Habana,1985,pos
0132,Cant Buy Me Love,1987,pos
0133,Puppetoon Movie The,1987,pos
0134,No Way Out,1987,pos
0135,No Way Out,1987,pos
0136,No Way Out,1987,pos
0137,Eat the Peach,1986,pos
0138,Masters of the Universe,1987,neg
0139,Dirty Dancing,1987,pos
0140,Hellraiser,1987,neg
0141,Princess Bride The,1987,pos
0142,Dirty Dancing,1987,pos
0143,Big Easy The,1987,pos
0144,Living on Tokyo Time,1987,pos
0145,Wish You Were Here,1987,pos
0146,Race for the Double Helix The,1987,pos
0147,Fourth Protocol The,1987,pos
0148,Fourth Protocol The,1987,pos
0149,Jean de Florette,1986,pos
0150,Hellraiser,1987,neg
0152,Stakeout,1987,neg
0153,Country,1984,pos
0154,La Bamba,1987,pos
0155,Dirty Dancing,1987,pos
0156,Princess Bride The,1987,pos
0157,Princess Bride The,1987,pos
0158,Maurice,1987,pos
0159,Maurice,1987,pos
0160,Whistle Blower The,1986,pos
0161,Whistle Blower The,1986,pos
0162,My Life for Zarah Leander,1986,pos
0163,Near Dark,1987,pos
0164,Dancers,1987,pos
0165,Prayer for the Dying A,1987,neg
0166,Someone to Watch Over Me,1987,pos
0167,Prince of Darkness,1987,neg
0168,Prince of Darkness,1987,pos
0169,Nightflyers,1987,neg
0170,Suspect,1987,pos
0171,No Mans Land,1987,pos
0172,Nightflyers,1987,pos
0174,Manon des sources,1986,pos
0175,Baby Boom,1987,pos
0176,Hombre mirando al sudeste,1986,pos
0177,Fatal Beauty,1987,neg
0178,Slamdance,1987,pos
0179,Maurice,1987,pos
0180,Nightflyers,1987,neg
0181,Cry Freedom,1987,pos
0182,Matewan,1987,pos
0183,Running Man The,1987,pos
0184,Someone to Watch Over Me,1987,pos
0185,House of Games,1987,pos
0186,Ive Heard the Mermaids Singing,1987,pos
0187,Tampopo,1986,pos
0188,Sicilian The,1987,pos
0189,Sammy and Rosie Get Laid,1987,pos
0190,Sign o the Times,1987,pos
0191,Hope and Glory,1987,pos
0192,Nuts,1987,pos
0194,Last Emperor The,1987,pos
0195,Nuts,1987,pos
0196,Mitt liv som hund,1985,pos
0197,Planes Trains & Automobiles,1987,pos
0198,Cry Freedom,1987,pos
0199,Street Trash,1987,pos
0201,Hope and Glory,1987,pos
0202,Anna,1987,pos
0203,Running Man The,1987,pos
0204,Planes Trains & Automobiles,1987,pos
0205,Empire of the Sun,1987,pos
0206,Hello Again,1987,neg
0207,Hope and Glory,1987,pos
0208,Sammy and Rosie Get Laid,1987,pos
0209,Leonard Part 6,1987,pos
0210,Idolmaker The,1980,pos
0211,Glass Menagerie The,1987,pos
0212,Hanoi Hilton The,1987,pos
0213,Empire of the Sun,1987,pos
0214,Throw Momma from the Train,1987,pos
0215,Broadcast News,1987,pos
0216,Broadcast News,1987,pos
0217,*batteries not included,1987,neg
0218,Wall Street,1987,pos
0219,Suspect,1987,pos
0220,Empire of the Sun,1987,pos
0221,Brazil,1985,pos
0222,Throw Momma from the Train,1987,pos
0223,Personal Services,1987,pos
0224,House of Games,1987,pos
0225,Eddie Murphy Raw,1987,pos
0226,Music of the Spheres,1984,pos
0227,Good Morning Vietnam,1987,pos
0228,Good Morning Vietnam,1987,pos
0229,September,1987,pos
0231,Sid and Nancy,1986,pos
0232,Siesta,1987,pos
0234,Moonstruck,1987,pos
0235,Return of the Living Dead Part II,1988,pos
0236,Good Morning Vietnam,1987,pos
0237,Sammy and Rosie Get Laid,1987,pos
0238,Serpent and the Rainbow The,1988,pos
0239,Ironweed,1987,pos
0240,Throw Momma from the Train,1987,pos
0241,Whales of August The,1987,pos
0242,Housekeeping,1987,pos
0243,Shoot to Kill,1988,pos
0244,Switching Channels,1988,pos
0245,Hairspray,1988,pos
0247,Frantic,1988,pos
0248,Vice Versa,1988,pos
0249,Good Morning Babylon,1987,pos
0250,Au revoir les enfants,1987,pos
0252,Hairspray,1988,pos
0253,Wizard of Speed and Time The,1988,pos
0254,Unbearable Lightness of Being The,1988,pos
0255,Stand and Deliver,1987,pos
0256,D.O.A.,1988,pos
0257,Hairspray,1988,pos
0258,18 Again!,1988,pos
0260,Unbearable Lightness of Being The,1988,pos
0261,Beetlejuice,1988,pos
0262,Little Nikita,1988,neg
0263,Beetlejuice,1988,pos
0264,Dolls,1986,pos
0266,Beetlejuice,1988,neg
0267,Seventh Sign The,1988,pos
0268,House on Carroll Street The,1988,neg
0269,Wannseekonferenz,1984,pos
0270,Night in the Life of Jimmy Reardon A,1988,pos
0271,Unbearable Lightness of Being The,1988,pos
0272,Nitti,1988,pos
0273,Cop,1987,pos
0274,Return of the Killer Tomatoes!,1988,pos
0275,Tokyo Pop,1988,pos
0276,Salomes Last Dance,1988,pos
0279,Colors,1988,pos
0280,Colors,1988,pos
0281,Mistero di Oberwald Il,1980,pos
0282,Seppan,1986,pos
0283,Beetlejuice,1988,pos
0284,Dead The,1987,pos
0285,Bellman and True,1987,pos
0286,Bright Lights Big City,1988,pos
0289,Saigon: Year of the Cat,1983,pos
0290,Biloxi Blues,1988,pos
0291,Whoops Apocalypse,1986,pos
0292,One Hour with You,1932,pos
0293,Yeelen,1987,pos
0294,Midnight Crossing,1988,neg
0295,White Mischief,1987,pos
0296,Stand and Deliver,1987,pos
0297,Sticky Fingers,1988,pos
0298,Kitchen Toto The,1987,pos
0299,Dominick and Eugene,1988,pos
0301,Ben-Hur,1925,pos
0302,Hope and Glory,1987,pos
0303,Last Emperor The,1987,pos
0304,Out of Rosenheim,1988,pos
0305,Killing Affair A,1988,pos
0306,Lady in White,1988,pos
0307,Aria,1987,pos
0308,Willow,1988,pos
0309,White Mischief,1987,pos
0310,Manon des sources,1986,pos
0312,Girltalk,1987,pos
0313,Stand and Deliver,1987,pos
0315,Milagro Beanfield War The,1988,pos
0316,Kamigami no Fukaki Yokubo,1968,pos
0317,Dolls,1986,pos
0318,Fruits de la passion Les,1981,pos
0319,Big,1988,pos
0320,Aria,1987,pos
0323,Bull Durham,1988,neg
0324,Rambo III,1988,neg
0325,Vaivegli but jaunam?,1987,pos
0326,Who Framed Roger Rabbit,1988,pos
0327,Who Framed Roger Rabbit,1988,pos
0328,Silence at Bethany The,1988,pos
0331,Souvenir,1988,pos
0332,Shame,1987,pos
0333,Who Framed Roger Rabbit,1988,pos
0334,Red Heat,1988,pos
0335,Je hais les acteurs,1986,pos
0336,Consuming Passions,1988,pos
0337,Other Side of the Wind The,1972,pos
0338,Short Circuit 2,1988,neg
0339,Marusa no onna,1987,pos
0340,Playing Away,1986,pos
0341,Sinnui yauman,1987,pos
0342,Two Moon Junction,1988,pos
0343,Who Framed Roger Rabbit,1988,pos
0344,Da,1988,pos
0345,Out of Rosenheim,1988,pos
0346,Out Cold,1989,pos
0347,Belly of an Architect The,1987,pos
0348,Bellman and True,1987,pos
0349,Bat Whispers The,1930,pos
0351,Un zoo la nuit,1987,pos
0353,Wives Under Suspicion,1938,pos
0354,Born To Be Bad,1934,pos
0355,Phantasm II,1988,pos
0358,Story of Temple Drake The,1933,pos
0359,Desire,1936,pos
0361,Lady in White,1988,pos
0362,Coming to America,1988,pos
0363,Coming to America,1988,pos
0364,Fish Called Wanda A,1988,pos
0365,Dead Pool The,1988,pos
0366,Die Hard,1988,pos
0367,Midnight Run,1988,pos
0368,Midnight Run,1988,pos
0369,Big Top Pee-wee,1988,pos
0370,Big Top Pee-wee,1988,pos
0371,Fish Called Wanda A,1988,pos
0372,Midnight Run,1988,pos
0373,Die Hard,1988,pos
0374,Dead Pool The,1988,neg
0375,Fish Called Wanda A,1988,pos
0376,Blob The,1988,pos
0377,Tucker: The Man and His Dream,1988,pos
0378,Someone to Love,1987,pos
0379,Last Temptation of Christ The,1988,pos
0380,Clean and Sober,1988,pos
0381,Married to the Mob,1988,pos
0382,Stealing Home,1988,pos
0383,Nightmare on Elm Street 4: The Dream Master A,1988,pos
0384,Cover Up,1988,pos
0385,Rocketeer The,1991,pos
0386,Tucker: The Man and His Dream,1988,pos
0387,Deceivers The,1988,pos
0388,Betrayed,1988,pos
0389,Crossing Delancey,1988,pos
0390,Just Imagine,1930,pos
0391,Midnight Movie Massacre,1988,neg
0393,Eight Men Out,1988,pos
0394,Mr. North,1988,pos
0395,Dead Ringers,1988,pos
0396,Deceivers The,1988,pos
0397,Pascalis Island,1988,pos
0398,Dead Ringers,1988,pos
0401,Gorillas in the Mist,1988,pos
0402,Elvira Mistress of the Dark,1988,pos
0403,Return of the Killer Tomatoes!,1988,pos
0404,Alien Nation,1988,pos
0405,Alien Nation,1988,pos
0406,Gorillas in the Mist,1988,pos
0407,Crossing Delancey,1988,pos
0408,Mitt liv som hund,1985,pos
0410,Manon des sources,1986,pos
0411,Born in East L.A.,1987,pos
0412,Shy People,1987,pos
0413,Giulia e Giulia,1987,pos
0414,Lighthorsemen The,1987,pos
0416,Running on Empty,1988,pos
0417,Crossing Delancey,1988,pos
0418,Without a Clue,1988,pos
0419,Bird,1988,pos
0420,Summer Story A,1988,pos
0421,Things Change,1988,pos
0422,Vera,1987,pos
0423,Good Mother The,1988,pos
0424,They Live,1988,pos
0425,Mystic Pizza,1988,pos
0426,Lianna,1983,pos
0428,Merry Christmas Mr. Lawrence,1983,pos
0430,Lair of the White Worm The,1988,pos
0431,Salaire de la peur Le,1953,neg
0432,Noi vivi,1942,pos
0433,Little Dorrit,1988,pos
0435,High Spirits,1988,neg
0436,Scrooged,1988,neg
0437,Naked Gun: From the Files of Police Squad! The,1988,pos
0438,Cocoon: The Return,1988,pos
0439,Mystic Pizza,1988,pos
0440,Rain Man,1988,pos
0441,Man for All Seasons A,1988,pos
0442,Dirty Rotten Scoundrels,1988,pos
0443,Wash The,1988,pos
0447,Land Before Time The,1988,pos
0448,Not of This Earth,1988,pos
0449,Lair of the White Worm The,1988,pos
0450,Dangerous Life A,1988,pos
0451,Twins,1988,pos
0452,Dangerous Liaisons,1988,pos
0453,Dirty Rotten Scoundrels,1988,pos
0454,Working Girl,1988,pos
0455,Working Girl,1988,pos
0456,Working Girl,1988,pos
0457,Decline of Western Civilization Part II: The Metal Years The,1988,pos
0458,Accidental Tourist The,1988,pos
0459,Beaches,1988,pos
0461,Mississippi Burning,1988,pos
0462,Superstar: The Karen Carpenter Story,1987,pos
0463,He May Be Dead But Hes Still Elvis,1989,pos
0464,Torch Song Trilogy,1988,pos
0465,Mississippi Burning,1988,pos
0466,As Time Goes by,1988,pos
0467,January Man,1989,neg
0468,Dao ma zei,1986,pos
0469,Im Gonna Git You Sucka,1988,neg
0470,Talk Radio,1988,pos
0471,Gor,1988,pos
0472,Outlaw of Gor,1989,pos
0473,Navigator: A Mediaeval Odyssey The,1988,pos
0474,Naked Gun: From the Files of Police Squad! The,1988,neg
0475,Marusa no onna,1987,pos
0476,Her Alibi,1989,pos
0477,Winds of Change,1978,pos
0478,Fly II The,1989,pos
0479,Fly II The,1989,pos
0480,True Believer,1989,pos
0481,True Believer,1989,pos
0482,Rain Man,1988,pos
0483,Torch Song Trilogy,1988,pos
0484,Mississippi Burning,1988,pos
0487,Lawrence of Arabia,1962,pos
0488,Mighty Quinn The,1989,pos
0490,Yuki Yukite shingun,1987,pos
0491,Beirut: The Last Home Movie,1987,pos
0492,Bill & Teds Excellent Adventure,1989,pos
0493,Rain Man,1988,pos
0494,Adventures of Baron Munchausen The,1988,pos
0495,Adventures of Baron Munchausen The,1988,pos
0496,Adventures of Baron Munchausen The,1988,pos
0498,Earth Girls Are Easy,1989,pos
0499,Antarjali jatra,1987,pos
0501,New York Stories,1989,pos
0502,Canibais Os,1988,pos
0503,Topio stin omichli,1988,pos
0504,A gai waak juk jaap,1987,pos
0505,Chances Are,1989,pos
0506,Tabataba,1988,pos
0507,Leviathan,1989,neg
0509,Wan Zhong,1986,pos
0510,Kalaa El,1988,pos
0511,Navigator: A Mediaeval Odyssey The,1988,pos
0513,Zan Boko,1988,pos
0514,Nosferatu: Phantom der Nacht,1979,pos
0515,Nosferatu: Phantom der Nacht,1979,pos
0516,Killer Klowns from Outer Space,1988,pos
0517,Lair of the White Worm The,1988,pos
0521,Bill & Teds Excellent Adventure,1989,pos
0522,Lawrence of Arabia,1962,pos
0523,Skin Deep,1989,pos
0525,Say Anything...,1989,pos
0526,Cyborg,1989,neg
0527,Cyborg,1989,pos
0528,Taketori monogatari,1987,pos
0529,Yari no gonza,1986,pos
0531,Red Scorpion,1989,pos
0532,Red Scorpion,1989,pos
0533,Sagolandet,1988,pos
0534,See You in the Morning,1989,pos
0535,Field of Dreams,1989,pos
0537,Field of Dreams,1989,pos
0538,Dream Team The,1989,pos
0539,Scandal,1989,pos
0540,Dangerous Liaisons,1988,pos
0542,See No Evil Hear No Evil,1989,pos
0543,Earth Girls Are Easy,1989,pos
0544,Indiana Jones and the Last Crusade,1989,pos
0545,Indiana Jones and the Last Crusade,1989,pos
0546,Pink Cadillac,1989,pos
0548,Crossing Delancey,1988,pos
0549,Hol volt hol nem volt,1987,pos
0550,Dead Poets Society,1989,pos
0551,Cousins,1989,pos
0552,Star Trek V: The Final Frontier,1989,pos
0553,Split,1989,pos
0554,Miracle Mile,1989,pos
0555,Star Trek V: The Final Frontier,1989,neg
0556,Ghostbusters II,1989,pos
0557,Malenkaya Vera,1988,pos
0558,Batman,1989,pos
0559,Batman,1989,pos
0560,Batman,1989,pos
0561,Batman,1989,pos
0562,Batman,1989,pos
0563,Say Anything...,1989,pos
0564,Passion de Jeanne dArc La,1928,pos
0565,Honey I Shrunk the Kids,1989,pos
0566,Scandal,1989,pos
0567,Tenku no shiro Rapyuta,1986,pos
0568,Last Temptation of Christ The,1988,pos
0569,Dead Poets Society,1989,pos
0570,Do the Right Thing,1989,pos
0571,Scenes from the Class Struggle in Beverly Hills,1989,pos
0572,Honey I Shrunk the Kids,1989,pos
0573,Peter Pan,1953,pos
0574,Great Balls of Fire!,1989,pos
0575,Licence to Kill,1989,pos
0576,Licence to Kill,1989,pos
0577,Licence to Kill,1989,pos
0578,Matador,1986,pos
0579,Jacknife,1989,pos
0580,When Harry Met Sally...,1989,pos
0581,Lets Get Lost,1988,pos
0582,UHF,1989,pos
0583,Return of Swamp Thing The,1989,pos
0584,Do the Right Thing,1989,pos
0585,Licence to Kill,1989,pos
0586,UHF,1989,pos
0587,UHF,1989,pos
0588,Navigator: A Mediaeval Odyssey The,1988,pos
0589,When Harry Met Sally...,1989,pos
0590,Crusoe,1988,pos
0591,West Is West,1987,pos
0592,84 Charlie Mopic,1989,neg
0593,Killer Klowns from Outer Space,1988,pos
0594,Comic Book Confidential,1988,pos
0595,Friday the 13th Part VIII: Jason Takes Manhattan,1989,pos
0596,Honey I Shrunk the Kids,1989,pos
0597,Parenthood,1989,pos
0598,Parenthood,1989,pos
0599,For All Mankind,1989,pos
0601,Abyss The,1989,pos
0602,Abyss The,1989,pos
0603,Abyss The,1989,pos
0604,Abyss The,1989,pos
0605,Parenthood,1989,pos
0606,Karate Kid III The,1989,pos
0607,Lethal Weapon 2,1989,pos
0608,Abyss The,1989,pos
0610,Akira,1988,pos
0611,Lethal Weapon 2,1989,neg
0612,Millennium,1989,neg
0613,Millennium,1989,pos
0614,Millennium,1989,pos
0615,F.P.1,1933,pos
0616,Casualties of War,1989,pos
0617,Package The,1989,pos
0618,Sex Lies and Videotape,1989,pos
0619,Dybuk,1937,pos
0621,Bao gio cho den thang muoi,1984,pos
0622,Abandoned Field: Free Fire Zone The,1979,pos
0623,Shirley Valentine,1989,pos
0624,Sea of Love,1989,pos
0625,Sea of Love,1989,pos
0626,Sea of Love,1989,pos
0627,Water and Power,1989,pos
0628,Package The,1989,pos
0629,In Country,1989,pos
0630,Li gui chan juan,1989,pos
0632,Thi Tran Yen Tinh,1986,pos
0634,Black Rain,1989,pos
0635,V gorakh moye serdtse,1967,pos
0636,Vecher na kanune Ivana Kupaly,1968,pos
0637,Johnny Handsome,1989,pos
0638,In Country,1989,pos
0639,How to Get Ahead in Advertising,1989,pos
0640,Tales from the Gimli Hospital,1988,pos
0641,Black Rain,1989,pos
0642,Ashik Kerib,1988,pos
0643,Xiangnu xiaoxiao,1986,pos
0644,Meet the Hollowheads,1988,pos
0645,Crimes and Misdemeanors,1989,pos
0646,Crimes and Misdemeanors,1989,pos
0647,Fabulous Baker Boys The,1989,pos
0648,Halloween 5: The Revenge of Michael Myers,1989,neg
0649,Halloween 5: The Revenge of Michael Myers,1989,neg
0650,Black Rain,1989,pos
0651,Fat Man and Little Boy,1989,pos
0652,Fat Man and Little Boy,1989,pos
0653,Breaking In,1989,pos
0654,Fabulous Baker Boys The,1989,pos
0655,Mirch masala,1985,pos
0656,Shocker,1989,pos
0657,Halloween 5: The Revenge of Michael Myers,1989,pos
0658,Worth Winning,1989,neg
0659,Drachenfutter,1987,pos
0660,Ours L,1988,pos
0661,Second Sight,1989,neg
0662,Phantom of the Opera The,1989,pos
0663,Beer Drinkers Guide to Fitness and Filmmaking The,1989,pos
0664,Signs of Life,1989,pos
0665,Kimurake no hitobito,1988,pos
0666,Heathers,1989,pos
0667,Stepfather II,1989,pos
0670,Dr. Caligari,1989,pos
0671,I Know Where Im Going!,1945,pos
0672,Canterbury Tale A,1944,pos
0673,Chorus of Disapproval A,1988,pos
0674,Earth Girls Are Easy,1989,pos
0675,Sundown: The Vampire in Retreat,1989,pos
0677,Back to the Future Part II,1989,pos
0678,Little Mermaid The,1989,pos
0679,She-Devil,1989,pos
0680,Steel Magnolias,1989,pos
0681,Little Mermaid The,1989,pos
0682,War of the Roses The,1989,pos
0683,Blaze,1989,pos
0685,She-Devil,1989,pos
0686,Always,1989,pos
0687,Manifesto,1988,pos
0688,Family Business,1989,pos
0689,Family Business,1989,pos
0690,Always,1989,pos
0691,Abschied vom falschen Paradies,1989,pos
0692,Forbidden City U.S.A.,1989,pos
0693,Steel Magnolias,1989,pos
0694,Born on the Fourth of July,1989,pos
0695,Wizard The,1989,pos
0696,Philosoph Der,1989,pos
0697,My Left Foot,1989,pos
0698,Miracle Mile,1989,pos
0699,Glory,1989,pos
0701,Roger & Me,1989,pos
0702,Born on the Fourth of July,1989,pos
0703,Born on the Fourth of July,1989,pos
0704,Talvisota,1989,pos
0705,Spy Smasher Returns,1966,pos
0707,Leatherface: Texas Chainsaw Massacre III,1990,pos
0708,Music Box,1990,pos
0709,Driving Miss Daisy,1989,pos
0710,Roger & Me,1989,pos
0711,Roger & Me,1989,pos
0712,Tremors,1990,pos
0713,Henry V,1989,pos
0714,My Left Foot,1989,pos
0715,Flashback,1990,pos
0716,Hard to Kill,1990,pos
0717,Nightbreed,1990,pos
0718,Nightbreed,1990,pos
0719,Stanley & Iris,1990,pos
0721,Pan Jin Lian zhi qian shi jin sheng,1989,pos
0722,My Left Foot,1989,pos
0723,Enemies: A Love Story,1989,pos
0724,Hunt for Red October The,1990,pos
0725,Basket Case 2,1990,pos
0726,Mountains of the Moon,1990,pos
0727,Blue Steel,1990,pos
0729,Handmaids Tale The,1990,pos
0730,Lord of the Flies,1990,pos
0731,Phantom of the Opera The,null,pos
0732,Teenage Mutant Ninja Turtles,1990,pos
0733,Henry: Portrait of a Serial Killer,1986,pos
0734,Ivan Groznyj II,1958,pos
0735,Pretty Woman,1990,pos
0736,Pretty Woman,1990,pos
0737,Dersu Uzala,1974,pos
0738,First Power The,1990,pos
0739,Nuns on the Run,1990,pos
0740,Gods Must Be Crazy II The,1989,pos
0741,Gods Must Be Crazy II The,1989,pos
0742,Cook the Thief His Wife & Her Lover The,1989,pos
0743,Cook the Thief His Wife & Her Lover The,1989,pos
0744,Miami Blues,1990,pos
0745,Martians Go Home,1990,neg
0746,Q & A,1990,pos
0747,Guardian The,1990,pos
0749,Nuovo cinema Paradiso,1988,pos
0750,Marquis,1989,pos
0751,Black Rain,1989,pos
0752,Tales from the Darkside: The Movie,1990,pos
0753,Thiassos O,1975,pos
0754,Longtime Companion,1990,pos
0756,Thin Blue Line The,1988,pos
0757,Driving Miss Daisy,1989,pos
0758,Ofelas,1987,pos
0759,Yinghung bunsik III,1989,pos
0760,Mahabharata The,1989,pos
0761,Cadillac Man,1990,pos
0762,Bird on a Wire,1990,neg
0763,Bird on a Wire,1990,pos
0764,Bird on a Wire,1990,neg
0765,Bird on a Wire,1990,neg
0766,I skugga Hrafnsins,1988,pos
0767,Untamagiru,1989,pos
0768,Brain Dead,1990,pos
0769,Class of 1999,1990,pos
0770,Witches The,1990,pos
0771,Fire Birds,1990,neg
0773,Longtime Companion,1990,pos
0774,Total Recall,1990,pos
0775,Total Recall,1990,pos
0776,Vreme na nasile,1988,pos
0777,Gremlins 2: The New Batch,1990,pos
0778,Gremlins 2: The New Batch,1990,neg
0779,Cadillac Man,1990,pos
0780,Total Recall,1990,pos
0781,Total Recall,1990,pos
0782,Back to the Future Part III,1990,pos
0783,Q & A,1990,pos
0784,Dick Tracy,1990,pos
0785,Dick Tracy,1990,pos
0786,Die Hard 2,1990,pos
0787,Die Hard 2,1990,pos
0788,Die Hard 2,1990,pos
0789,Arachnophobia,1990,pos
0790,Ghost,1990,pos
0791,Ghost,1990,pos
0792,Quick Change,1990,pos
0793,Arachnophobia,1990,pos
0794,Monsieur Hire,1989,pos
0795,Presumed Innocent,1990,pos
0796,Mo Better Blues,1990,pos
0797,Freshman The,1990,pos
0798,Flatliners,1990,pos
0799,Two Jakes The,1990,pos
0801,Taking Care of Business,1991,pos
0802,Air America,1990,pos
0803,Flatliners,1990,pos
0804,Two Jakes The,1990,pos
0805,Exorcist III The,1990,pos
0806,Exorcist III The,1990,pos
0807,Darkman,1990,pos
0808,Darkman,1990,pos
0809,Witches The,1990,pos
0810,Witches The,1990,pos
0811,Ghost,1990,pos
0812,Air America,1990,pos
0814,Darkman,1990,pos
0815,Yume,1990,pos
0816,Wild at Heart,1990,pos
0817,Life Is Cheap... But Toilet Paper Is Expensive,1990,pos
0818,Metropolitan,1990,pos
0819,Postcards from the Edge,1990,pos
0820,Hardware,1990,neg
0821,Hardware,1990,pos
0822,GoodFellas,1990,pos
0823,Rosalie Goes Shopping,1989,neg
0824,Metropolitan,1990,pos
0825,Pacific Heights,1990,pos
0826,Postcards from the Edge,1990,pos
0827,Night of the Living Dead,1990,pos
0828,Henry & June,1990,pos
0829,Henry & June,1990,pos
0830,Henry & June,1990,pos
0831,Henry & June,1990,pos
0832,Millers Crossing,1990,pos
0833,Jacobs Ladder,1990,pos
0834,Ladri di saponette,1989,pos
0835,Reversal of Fortune,1990,pos
0836,Quigley Down Under,1990,pos
0837,Memphis Belle,1990,pos
0838,Frankenstein Unbound,1990,pos
0839,Avalon,1990,pos
0840,Avalon,1990,pos
0841,White Palace,1990,pos
0842,Jacobs Ladder,1990,pos
0843,Henry & June,1990,pos
0844,Childs Play 2,1990,pos
0845,Ladri di saponette,1989,pos
0846,Ladri di saponette,1989,pos
0847,Memphis Belle: A Story of a Flying Fortress The,1944,pos
0848,Rocky V,1990,pos
0849,Rocky V,1990,pos
0850,Texasville,1990,pos
0851,Reversal of Fortune,1990,pos
0852,Dances with Wolves,1990,pos
0853,Dances with Wolves,1990,pos
0854,Jacobs Ladder,1990,pos
0855,It,1990,pos
0856,Home Alone,1990,neg
0857,Telesm,1988,pos
0858,Aab baad khaak,1989,pos
0859,Rescuers Down Under The,1990,pos
0860,Misery,1990,pos
0861,Misery,1990,pos
0862,Misery,1990,pos
0863,3 Men and a Little Lady,1990,pos
0864,Misery,1990,pos
0866,Dastforoush,1987,pos
0867,Zard-e Ghanari,1988,pos
0868,Predator 2,1990,pos
0869,Edward Scissorhands,1990,pos
0870,Edward Scissorhands,1990,pos
0871,Edward Scissorhands,1990,pos
0872,Mermaids,1990,pos
0873,Cyrano de Bergerac,1990,pos
0874,Vie et rien dautre La,1989,pos
0875,Rookie The,1990,pos
0876,Havana,1990,pos
0877,Havana,1990,pos
0878,Mr. & Mrs. Bridge,1990,pos
0879,Godfather: Part III The,1990,pos
0880,Russia House The,1990,pos
0881,Russia House The,1990,pos
0882,Mermaids,1990,pos
0883,Vincent & Theo,1990,pos
0884,Godfather: Part III The,1990,pos
0885,Godfather: Part III The,1990,pos
0886,Kindergarten Cop,1990,pos
0887,Kindergarten Cop,1990,pos
0888,Home Alone,1990,pos
0889,Edward Scissorhands,1990,pos
0890,Bonfire of the Vanities The,1990,pos
0891,Awakenings,1990,pos
0892,Awakenings,1990,pos
0893,Millers Crossing,1990,pos
0894,Come See the Paradise,1990,pos
0895,Awakenings,1990,pos
0896,Awakenings,1990,pos
0897,Hamlet,1990,pos
0898,Hamlet,1990,pos
0899,Hamlet,1990,pos
0901,Not Without My Daughter,1991,pos
0902,Godfather: Part III The,1990,pos
0903,Godfather: Part III The,1990,pos
0904,Hamlet,1990,pos
0905,Hamlet,1990,pos
0906,White Fang,1991,pos
0907,Grifters The,1990,pos
0908,Flight of the Intruder,1990,pos
0909,Flight of the Intruder,1990,pos
0911,Air America,1990,pos
0912,Hamlet,1990,pos
0914,Spoorloos,1988,pos
0915,Once Around,1991,pos
0916,Alice,1990,pos
0917,Alice,1990,pos
0918,Cyrano de Bergerac,1990,pos
0919,Green Card,1990,pos
0920,Eve of Destruction,1991,pos
0921,Silence of the Lambs The,1991,pos
0922,Sleeping with the Enemy,1991,pos
0923,L.A. Story,1991,pos
0924,Popcorn,1991,pos
0925,Mr. & Mrs. Bridge,1990,pos
0926,Betsys Wedding,1990,pos
0927,Sarah Plain and Tall,1991,pos
0931,Once Around,1991,pos
0932,L.A. Story,1991,pos
0933,Silence of the Lambs The,1991,pos
0934,Silence of the Lambs The,1991,pos
0935,Silence of the Lambs The,1991,pos
0937,NeverEnding Story II: The Next Chapter The,1990,pos
0938,Scenes from a Mall,1991,pos
0939,Scenes from a Mall,1991,pos
0940,Sleeping with the Enemy,1991,pos
0941,Hamlet,1990,pos
0942,Dances with Wolves,1990,pos
0943,Scenes from a Mall,1991,pos
0944,Doors The,1991,pos
0945,Doors The,1991,pos
0946,Doors The,1991,pos
0947,Doors The,1991,pos
0948,Return of the Musketeers The,1989,neg
0949,Cyrano de Bergerac,1990,pos
0951,Ju Dou,1990,pos
0952,Closet Land,1991,pos
0953,Guilty by Suspicion,1991,pos
0954,Doors The,1991,pos
0955,Perfect Weapon The,1991,pos
0956,Teenage Mutant Ninja Turtles II: The Secret of the Ooze,1991,neg
0957,State of Grace,1990,pos
0958,Silence of the Lambs The,1991,neg
0959,Perfectly Normal,1990,pos
0960,Rosencrantz and Guildenstern Are Dead,1990,pos
0961,Hamlet,1990,pos
0962,Johanna DArc of Mongolia,1988,pos
0963,Nikita,1990,pos
0964,Sleeping with the Enemy,1991,pos
0965,Ten to Chi to,1990,pos
0966,Career Opportunities,1991,pos
0967,Warlock,1989,pos
0968,Comfort of Strangers The,1990,pos
0969,Iron & Silk,1990,pos
0970,Defending Your Life,1991,pos
0971,Defending Your Life,1991,pos
0972,Silence of the Lambs The,1991,pos
0973,Bashu,1989,pos
0974,Eating,1990,pos
0975,Yume miruyoni nemuritai,1986,pos
0976,Baxter,1988,pos
0977,Warlock,1989,pos
0978,Nikita,1990,pos
0979,Nikita,1990,pos
0980,If Looks Could Kill,1991,neg
0981,Long Walk Home The,1990,pos
0982,Long Walk Home The,1990,pos
0983,After Dark My Sweet,1990,pos
0984,Highlander II: The Quickening,1991,neg
0985,Highlander II: The Quickening,1991,neg
0986,Queens Logic,1991,pos
0987,Mortal Thoughts,1991,pos
0988,Society,1989,pos
0989,Gungun hongchen,1990,pos
0990,Die xue shuang xiong,1989,pos
0991,Mortal Thoughts,1991,pos
0992,Object of Beauty The,1991,pos
0993,Shadow of a Doubt,1991,pos
0994,Reise der Hoffnung,1990,pos
0995,Asfour Stah,1990,pos
0996,Guilty by Suspicion,1991,pos
0997,Cabeza de Vaca,1991,pos
0999,Object of Beauty The,1991,pos
10000,Lost World: Jurassic Park The,1997,neg
10001,Total Recall,1990,pos
10002,Twelve Monkeys,1995,pos
10003,Ice Storm The,1997,pos
10004,Wings of the Dove The,1997,pos
10006,Sunday,1997,pos
10007,Romy and Micheles High School Reunion,1997,pos
10009,4 Little Girls,1997,pos
1001,Bakenbardy,1990,pos
10010,Flubber,1997,neg
10011,Alien: Resurrection,1997,pos
10012,4 Little Girls,1997,pos
10013,Fatherland,null,pos
10014,Christmas Story A,1983,pos
10015,Margarets Museum,1995,pos
10016,Boogie Nights,1997,pos
10017,Devils Advocate The,1997,pos
10018,Amadeus,1984,pos
1002,Ambush The,1969,pos
10021,Mimic,1997,neg
10022,People vs. Larry Flynt The,1996,pos
10023,Anastasia,1997,pos
10024,Raiders of the Lost Ark,1981,pos
10025,Toy Story,1995,pos
10026,Airplane!,1980,pos
10027,Rainmaker The,1997,pos
10028,Alien: Resurrection,1997,pos
10029,Mortal Kombat: Annihilation,1997,neg
1003,Sinnui yauman II,1990,pos
10030,Ma vie en rose,1997,pos
10032,Bean,1997,pos
10033,Gattaca,1997,pos
10034,Rainmaker The,1997,pos
10035,Ice Storm The,1997,pos
10036,Midnight in the Garden of Good and Evil,1997,pos
10037,Rainmaker The,1997,pos
10038,Little Mermaid The,1989,pos
10039,Peacemaker The,1997,pos
1004,Da Taijian Li Lianying,1991,pos
10040,Alien: Resurrection,1997,neg
10042,Flubber,1997,neg
10043,Alien: Resurrection,1997,pos
10044,Rainmaker The,1997,pos
10045,Midnight in the Garden of Good and Evil,1997,pos
10046,Men in Black,1997,pos
10047,Alien: Resurrection,1997,pos
10048,Anastasia,1997,pos
10049,Beauty and the Beast: The Enchanted Christmas,1997,pos
1005,Switch,1991,pos
10050,Alien: Resurrection,1997,pos
10052,Little Mermaid The,1989,pos
10054,Mortal Kombat: Annihilation,1997,neg
10055,Fools Rush In,1997,pos
10056,Bent,1997,pos
10057,Beaumarchais linsolent,1996,pos
10058,Home Alone 2: Lost in New York,1992,pos
1006,Spartacus,1960,pos
10060,Se7en,1995,pos
10063,Alien: Resurrection,1997,pos
10064,Deconstructing Harry,1997,pos
10065,Wings of the Dove The,1997,pos
10066,Mother,null,pos
10067,Turning The,1992,pos
10068,Halloween 4: The Return of Michael Myers,1988,pos
10069,I Know What You Did Last Summer,1997,pos
1007,Impromptu,1991,pos
10070,Flubber,1997,neg
10071,Deconstructing Harry,1997,pos
10072,Scream 2,1997,pos
10073,Devils Advocate The,1997,pos
10074,Washington Square,1997,pos
10075,Star Trek: First Contact,1996,pos
10076,Capricorn One,1978,pos
10077,Good Will Hunting,1997,pos
10078,Alien: Resurrection,1997,pos
1008,One Good Cop,1991,pos
10081,Wings of the Dove The,1997,pos
10083,Home Alone 3,1997,neg
10084,Alien: Resurrection,1997,pos
10085,Alien: Resurrection,1997,pos
10086,Amistad,1997,pos
10088,Muriels Wedding,1994,pos
10089,Alien: Resurrection,1997,pos
1009,Rosencrantz and Guildenstern Are Dead,1990,pos
10092,Fire,1996,pos
10093,Paris Texas,1984,pos
10095,Edge The,1997,pos
10097,Good Will Hunting,1997,pos
10098,Devils Advocate The,1997,pos
10099,In the Company of Men,1997,pos
1010,Eating,1990,pos
10100,Fallen,1998,pos
10101,4 Little Girls,1997,pos
10102,Crash,1996,pos
10104,Speed 2: Cruise Control,1997,neg
10105,Midnight in the Garden of Good and Evil,1997,pos
10106,In & Out,1997,pos
10107,Anastasia,1997,pos
10109,Titanic,1997,pos
10110,Flubber,1997,neg
10111,Home Alone 3,1997,pos
10112,Men in Black,1997,pos
10114,Claudine,1974,pos
10115,Runaway Train,1985,pos
10116,Amistad,1997,pos
10117,Kiss or Kill,1997,pos
10119,Scream 2,1997,pos
1012,Switch,1991,pos
10120,Titanic,1997,pos
10121,Amistad,1997,pos
10122,Welcome To Sarajevo,1997,pos
10123,Sick: The Life & Death of Bob Flanagan Supermasochist,1997,pos
10124,Wings of the Dove The,1997,pos
10125,Game The,1997,pos
10126,Lost Highway,1997,pos
10128,Love! Valour! Compassion!,1997,pos
10129,Good Will Hunting,1997,pos
1013,Switch,1991,pos
10130,Once Upon a Time in America,1984,pos
10131,Do the Right Thing,1989,pos
10132,Alien: Resurrection,1997,pos
10133,Delicatessen,1991,pos
10134,Egg and I The,1947,pos
10136,Home Alone 3,1997,pos
10137,Midnight in the Garden of Good and Evil,1997,pos
10138,Mars Attacks!,1996,pos
1014,Switch,1991,pos
10140,Michael,1996,pos
10141,Mrs. Brown,1997,pos
10142,For Richer or Poorer,1997,neg
10143,Scream 2,1997,pos
10144,Jackie Brown,1997,pos
10145,Scream 2,1997,pos
10146,Spawn,1997,neg
10148,Good Will Hunting,1997,pos
10149,Scream 2,1997,pos
1015,Mannequin 2: On the Move,1991,pos
10150,Jackie Brown,1997,pos
10151,Hooper,1978,pos
10152,Mortal Kombat: Annihilation,1997,neg
10153,Wings of the Dove The,1997,pos
10154,Titanic,1997,pos
10155,Diamonds for Breakfast,1968,pos
10156,Anastasia,1997,pos
10157,Gold Rush The,1925,pos
10158,Amistad,1997,pos
10159,Amistad,1997,pos
1016,Oscar,1991,pos
10160,L.A. Confidential,1997,pos
10161,Full Monty The,1997,pos
10163,Scream 2,1997,pos
10164,In & Out,1997,pos
10165,Bent,1997,pos
10166,Eves Bayou,1997,pos
10167,Boogie Nights,1997,pos
10168,Midnight in the Garden of Good and Evil,1997,pos
10169,Midnight in Savannah,null,pos
1017,Spartacus,1960,pos
10170,Wings of the Dove The,1997,pos
10171,Batman & Robin,1997,neg
10172,Kolya,1996,pos
10174,Lost World: Jurassic Park The,1997,pos
10178,Alien,1979,pos
10179,Kids,1995,pos
1018,Defending Your Life,1991,pos
10180,Carlitos Way,1993,pos
10182,Aliens,1986,pos
10183,Good Will Hunting,1997,pos
10184,Jackie Brown,1997,pos
10185,Cop Land,1997,neg
10186,Scream 2,1997,pos
10187,Home Alone 3,1997,pos
10188,Home Alone,1990,pos
10189,Scream 2,1997,pos
1019,Backdraft,1991,pos
10193,Amistad,1997,pos
10194,Myth of Fingerprints The,1997,pos
10195,As Good As It Gets,1997,pos
10197,Guantanamera,1994,pos
10199,Scream 2,1997,neg
1020,Backdraft,1991,pos
10200,Jackie Brown,1997,pos
10201,Kundun,1997,pos
10203,Wag the Dog,1997,pos
10204,Excess Baggage,1997,pos
10208,Kiss or Kill,1997,pos
10209,Tomorrow Never Dies,1997,pos
1021,Only the Lonely,1991,pos
10210,Kid from Brooklyn The,1946,pos
10213,Tomorrow Never Dies,1997,pos
10214,Dracula: Dead and Loving It,1995,pos
10215,Amistad,1997,pos
10216,Eves Bayou,1997,pos
10217,Its a Wonderful Life,1946,pos
10218,Titanic,1997,pos
1022,Thelma & Louise,1991,pos
10220,Devils Advocate The,1997,pos
10221,Ice Storm The,1997,pos
10222,Amistad,1997,pos
10223,Scream 2,1997,pos
10224,Ice Storm The,1997,pos
10225,Tomorrow Never Dies,1997,pos
10228,Tomorrow Never Dies,1997,pos
10229,Mr. Magoo,1997,neg
1023,Soapdish,1991,pos
10230,Deconstructing Harry,1997,pos
10231,Running on Empty,1988,pos
10232,Titanic,1997,pos
10233,Mouse Hunt,1997,pos
10234,Illtown,1996,pos
10236,Excess Baggage,1997,neg
10237,Kundun,1997,pos
10238,Night and the City,1950,pos
10239,Amistad,1997,pos
1024,Hudson Hawk,1991,neg
10240,Scream 2,1997,pos
10241,Godfather The,1972,pos
10244,As Good As It Gets,1997,pos
10245,American Werewolf in Paris An,1997,pos
10246,Tomorrow Never Dies,1997,pos
10247,Mr. Magoo,1997,neg
10248,As Good As It Gets,1997,pos
10249,Postman The,1997,pos
1025,Twenty-One,1991,pos
10251,Mad City,1997,pos
10253,Titanic,1997,pos
10254,Titanic,1997,pos
10255,Pillow Book The,1996,pos
10257,Shes So Lovely,1997,pos
10258,Shall We Dansu?,1996,pos
1026,Spoorloos,1988,pos
10263,Titanic,1997,pos
10264,American Werewolf in Paris An,1997,pos
10265,Absolute Power,1997,pos
10266,Feiying gaiwak,1990,neg
10267,River Runs Through It A,1992,pos
10268,Lost World: Jurassic Park The,1997,pos
10269,Tomorrow Never Dies,1997,pos
1027,Biruma no tategoto,1956,pos
10270,Driving Miss Daisy,1989,pos
10271,Ice Storm The,1997,pos
10272,Jackie Brown,1997,pos
10273,American Werewolf in Paris An,1997,pos
10274,Titanic,1997,pos
10275,Tomorrow Never Dies,1997,pos
10276,Postman The,1997,pos
10277,PCU,1994,neg
10278,Mouse Hunt,1997,pos
10279,Sweet Hereafter The,1997,pos
1028,Reflecting Skin The,1990,pos
10281,Tomorrow Never Dies,1997,pos
10282,Its a Wonderful Life,1946,pos
10283,Mouse Hunt,1997,pos
10284,Titanic,1997,pos
10285,Tomorrow Never Dies,1997,pos
10286,Scream 2,1997,pos
10290,Welcome To Sarajevo,1997,pos
10292,Tango Lesson The,1997,pos
10294,Scream 2,1997,pos
10295,Return of Jafar The,1994,pos
10296,Wag the Dog,1997,pos
10297,As Good As It Gets,1997,pos
10298,Bionic Showdown: The Six Million Dollar Man and the Bionic Woman,1989,pos
10299,Tomorrow Never Dies,1997,pos
1030,Ruby and Rata,1990,pos
10300,Jackie Brown,1997,pos
10301,Postman The,1997,pos
10302,Jackie Brown,1997,pos
10303,Close Shave A,1995,pos
10304,Tomorrow Never Dies,1997,pos
10305,Alien: Resurrection,1997,pos
10306,Rainmaker The,1997,pos
10307,Mouse Hunt,1997,pos
10308,Tomorrow Never Dies,1997,pos
10309,Scream 2,1997,pos
1031,Shock to the System A,1990,pos
10310,Titanic,1997,pos
10311,L.A. Confidential,1997,pos
10312,Kiss the Girls,1997,pos
10314,Fifth Element The,1997,pos
10315,Full Monty The,1997,pos
10317,Tomorrow Never Dies,1997,pos
10319,As Good As It Gets,1997,pos
1032,Hakachu no torima,1966,pos
10320,Tomorrow Never Dies,1997,pos
10321,Mouse Hunt,1997,pos
10322,Titanic,1997,pos
10323,Tomorrow Never Dies,1997,pos
10324,Psycho,1960,pos
10325,Winchester 73,1950,pos
10326,Boxer The,1997,pos
10327,Alien: Resurrection,1997,pos
10329,Sweet Hereafter The,1997,pos
1033,Yoru no tsuzumi,1958,pos
10330,As Good As It Gets,1997,pos
10332,Tomorrow Never Dies,1997,pos
10333,Postman The,1997,pos
10334,Scream 2,1997,pos
10335,Tomorrow Never Dies,1997,pos
10337,Mask The,1994,pos
10338,Deconstructing Harry,1997,pos
10339,Dead End,1937,pos
1034,Drowning by Numbers,1988,pos
10340,Will Success Spoil Rock Hunter?,1957,pos
10341,Going My Way,1944,pos
10342,Mary Poppins,1964,pos
10343,Adventures of Robin Hood The,1938,pos
10344,Tomorrow Never Dies,1997,pos
10345,Titanic,1997,pos
10346,Man Who Would Be King The,1975,pos
10347,Blues Brothers The,1980,pos
10348,Alien: Resurrection,1997,pos
10349,For Richer or Poorer,1997,pos
1035,Drowning by Numbers,1988,pos
10350,Flubber,1997,neg
10351,Postman The,1997,pos
10352,Postman The,1997,pos
10353,Titanic,1997,pos
10355,Good Will Hunting,1997,pos
10356,Empire Strikes Back The,1980,pos
10357,Jackie Brown,1997,pos
1036,Drowning by Numbers,1988,pos
10361,Titanic,1997,pos
10362,Ma wing jing,1997,pos
10363,American Werewolf in Paris An,1997,neg
10364,Good Will Hunting,1997,pos
10365,Deconstructing Harry,1997,pos
10366,Postman The,1997,pos
10367,House of Yes The,1997,pos
10368,Shadow of a Doubt,1991,pos
10369,Alien: Resurrection,1997,neg
1037,Thelma & Louise,1991,pos
10370,True Lies,1994,neg
10373,Jackie Brown,1997,pos
10375,Titanic,1997,pos
10376,Spawn,1997,pos
10377,Postman The,1997,neg
10378,Postman The,1997,pos
10379,Titanic,1997,pos
1038,Thelma & Louise,1991,pos
10380,Jackie Brown,1997,pos
10381,As Good As It Gets,1997,pos
10382,Face/Off,1997,pos
10383,Wings of the Dove The,1997,pos
10384,Jackie Brown,1997,pos
10385,Amistad,1997,pos
10386,Alien: Resurrection,1997,pos
10388,Amistad,1997,pos
10389,Tomorrow Never Dies,1997,pos
1039,Rocketeer The,1991,pos
10391,Babysitter The,1995,pos
10392,Ice Storm The,1997,pos
10393,Postman The,1997,pos
10394,Good Will Hunting,1997,pos
10398,Amistad,1997,pos
10399,As Good As It Gets,1997,pos
1040,Rocketeer The,1991,pos
10400,Deconstructing Harry,1997,pos
10401,Jackie Brown,1997,pos
10404,Titanic,1997,pos
10405,Tomorrow Never Dies,1997,pos
10406,Postman The,1997,pos
10407,Titanic,1997,pos
10408,Dear God,1996,pos
10409,Gridlockd,1997,pos
1041,Rocketeer The,1991,pos
10410,Lost World: Jurassic Park The,1997,pos
10411,Good Will Hunting,1997,pos
10412,Titanic,1997,pos
10414,Jackie Brown,1997,pos
10417,As Good As It Gets,1997,pos
10418,Last Temptation of Christ The,1988,pos
10419,Jackie Brown,1997,pos
1042,Rocketeer The,1991,pos
10420,Tomorrow Never Dies,1997,pos
10421,Paradine Case The,1947,pos
10422,Jackie Brown,1997,pos
10423,Alien: Resurrection,1997,pos
10424,Scream 2,1997,pos
10425,Jackie Brown,1997,pos
10427,Blue Seed,1995,pos
10428,Braveheart,1995,pos
10429,Navigator The,1924,pos
1043,City Slickers,1991,pos
10430,Steamboat Bill Jr.,1928,pos
10431,Postman The,1997,pos
10432,Kundun,1997,pos
10434,Man Who Knew Too Little The,1997,pos
10435,Boxer The,1997,pos
10436,As Good As It Gets,1997,pos
10437,Titanic,1997,pos
10438,Titanic,1997,pos
1044,City Slickers,1991,pos
10441,American Werewolf in Paris An,1997,pos
10444,Oscar and Lucinda,1997,pos
10446,Usual Suspects The,1995,pos
10447,Titanic,1997,pos
10448,Titanic,1997,pos
1045,Robin Hood: Prince of Thieves,1991,pos
10451,Oscar and Lucinda,1997,pos
10453,Titanic,1997,pos
10454,Alice in Wonderland,1951,pos
10455,Beavis and Butt-head Do America,1996,pos
10456,FairyTale: A True Story,1997,pos
10457,Postman The,1997,pos
10458,Good Will Hunting,1997,pos
10459,Titanic,1997,pos
1046,Only the Lonely,1991,pos
10462,Good Will Hunting,1997,pos
10463,Titanic,1997,pos
10464,Batman,1989,neg
10465,Titanic,1997,pos
10466,Titanic,1997,pos
10467,Usual Suspects The,1995,pos
10468,As Good As It Gets,1997,pos
10469,American Werewolf in Paris An,1997,pos
1047,Only the Lonely,1991,pos
10470,Deconstructing Harry,1997,pos
10471,Dune,1984,neg
10472,Strangers on a Train,1951,pos
10473,Absent Minded Professor The,1961,pos
10474,Looking Glass War The,1970,pos
10476,As Good As It Gets,1997,pos
10477,Deconstructing Harry,1997,pos
10478,American Werewolf in Paris An,1997,pos
1048,Robin Hood: Prince of Thieves,1991,pos
10480,Starship Troopers,1997,pos
10481,L.A. Confidential,1997,pos
10483,As Good As It Gets,1997,pos
10485,Deconstructing Harry,1997,pos
10488,Jackie Brown,1997,pos
10489,Scream 2,1997,pos
1049,Robin Hood: Prince of Thieves,1991,pos
10490,Titanic,1997,pos
10491,Spice World,1997,neg
10493,Scream 2,1997,pos
10494,Mortal Kombat: Annihilation,1997,neg
10496,Psycho,1960,pos
10497,Postman The,1997,pos
10498,Amistad,1997,pos
10499,Die Hard 2,1990,pos
1050,Thelma & Louise,1991,pos
10502,Jackie Brown,1997,pos
10503,Jackie Brown,1997,pos
10504,Titanic,1997,pos
10505,Titanic,1997,pos
10506,Scream,1996,pos
10507,Jackie Brown,1997,pos
10508,Deconstructing Harry,1997,pos
10509,As Good As It Gets,1997,pos
1051,Thelma & Louise,1991,pos
10510,Hard Rain,1998,pos
10513,Tomorrow Never Dies,1997,pos
10514,Shallow Grave,1994,pos
10515,Son of Flubber,1963,pos
10516,Austin Powers: International Man of Mystery,1997,pos
10517,Sweet Hereafter The,1997,pos
10518,Jackie Brown,1997,pos
10519,Spanish Prisoner The,1997,pos
1052,Soapdish,1991,pos
10520,Firestorm,1998,pos
10521,Jackie Brown,1997,pos
10523,Return of the Jedi,1983,pos
10524,Shivers,1975,pos
10525,Chasing Amy,1997,pos
10526,Exotica,1994,pos
10527,GoodFellas,1990,pos
10528,Independence Day,1996,neg
10529,Leaving Las Vegas,1995,pos
1053,What About Bob?,1991,pos
10530,Pulp Fiction,1994,pos
10532,As Good As It Gets,1997,pos
10535,Boxer The,1997,pos
10536,Alien: Resurrection,1997,pos
10537,Firestorm,1998,neg
10538,As Good As It Gets,1997,pos
10539,Wag the Dog,1997,pos
1054,Hudson Hawk,1991,neg
10540,Boxer The,1997,pos
10541,L.A. Confidential,1997,pos
10542,G.I. Jane,1997,pos
10543,Sweet Hereafter The,1997,pos
10544,Sweet Hereafter The,1997,pos
10545,Wag the Dog,1997,pos
10546,Who Framed Roger Rabbit,1988,pos
10547,Firestorm,1998,neg
10548,Boxer The,1997,pos
10549,Jackie Brown,1997,pos
1055,Dying Young,1991,pos
10550,4 Little Girls,1997,pos
10552,Wag the Dog,1997,pos
10553,Wag the Dog,1997,pos
10554,Firestorm,1998,neg
10555,Wag the Dog,1997,pos
10556,Good Will Hunting,1997,pos
10557,Mrs. Dalloway,1997,pos
1056,Terminator 2: Judgment Day,1991,pos
10560,Foreign Correspondent,1940,pos
10561,Elmer Gantry,1960,pos
10562,Wag the Dog,1997,pos
10563,Spellbound,1945,pos
10564,Zero Effect,1998,pos
10565,Star Kid,1997,pos
10566,Boxer The,1997,pos
10568,Firestorm,1998,neg
10569,Gremlins,1984,pos
1057,Terminator 2: Judgment Day,1991,pos
10570,Postman The,1997,pos
10572,Near Room The,1996,pos
10573,As Good As It Gets,1997,pos
10574,Casablanca,1942,pos
10577,As Good As It Gets,1997,pos
10579,Tomorrow Never Dies,1997,pos
1058,Terminator 2: Judgment Day,1991,pos
10580,Wings of the Dove The,1997,pos
10581,Titanic,1997,pos
10583,Scream 2,1997,pos
10585,Night of the Hunter The,1955,pos
10587,Hard Rain,1998,pos
10588,As Good As It Gets,1997,pos
1059,Terminator 2: Judgment Day,1991,pos
10590,Winter Guest The,1997,pos
10591,Good Will Hunting,1997,pos
10593,Raiders of the Lost Ark,1981,pos
10594,4 Little Girls,1997,pos
10595,Alien: Resurrection,1997,pos
10596,House of Yes The,1997,pos
1060,Robin Hood: Prince of Thieves,1991,pos
10600,Wag the Dog,1997,pos
10601,Mystery Science Theater 3000: The Movie,1996,pos
10602,Oscar and Lucinda,1997,pos
10603,Jackal The,1997,pos
10609,Red Corner,1997,pos
1061,Backdraft,1991,pos
10610,Wag the Dog,1997,pos
10611,Fallen,1998,pos
10613,Hard Rain,1998,neg
10614,Wag the Dog,1997,pos
10616,Sweet Hereafter The,1997,pos
10618,Wings of the Dove The,1997,pos
10619,No Ordinary Love,1994,pos
1062,Naked Gun 2 1/2: The Smell of Fear The,1991,pos
10620,Wag the Dog,1997,pos
10621,Sweet Hereafter The,1997,pos
10622,Endless Summer The,1966,pos
10623,Kundun,1997,pos
10624,Silencers The,1966,pos
10625,Hard Rain,1998,neg
10627,Hard Rain,1998,neg
10628,Gang Related,1997,pos
10629,Mad City,1997,pos
1063,Jungle Fever,1991,neg
10630,Seven Years in Tibet,1997,pos
10631,Switchback,1997,neg
10632,Home Alone 3,1997,neg
10633,Fallen,1998,pos
10634,Wag the Dog,1997,pos
10639,Fallen,1998,pos
1064,Sangatsu no raion,1992,pos
10640,Hard Rain,1998,neg
10642,Arguing the World,1998,pos
10643,Naked Gun 33 1/3: The Final Insult,1994,pos
10644,Kundun,1997,pos
10646,Fallen,1998,pos
10648,Titanic,1997,pos
10649,Speed,1994,pos
10651,4 Little Girls,1997,pos
10652,City Lights,1931,pos
10654,Amistad,1997,pos
10657,Hairspray,1988,pos
10658,Sweet Hereafter The,1997,pos
10659,Fallen,1998,pos
1066,Soapdish,1991,pos
10660,Cop Land,1997,pos
10661,Kundun,1997,pos
10663,L.A. Confidential,1997,pos
10666,Scream 2,1997,pos
10667,Next Step The,1997,pos
10668,Hard Rain,1998,neg
10669,Afterglow,1997,pos
1067,Poison,1991,pos
10670,Good Will Hunting,1997,pos
10671,White Squall,1996,pos
10672,Fallen,1998,pos
10673,Titanic,1997,pos
10676,Titanic,1997,pos
10677,Deceiver,1997,pos
10678,Peters Friends,1992,pos
10679,Deconstructing Harry,1997,pos
1068,Strangers in Good Company,1991,pos
10680,Fled,1996,pos
10681,Kundun,1997,pos
10682,Mouse Hunt,1997,neg
10684,Ice Storm The,1997,pos
10685,As Good As It Gets,1997,pos
10687,Wag the Dog,1997,pos
10689,Heiress The,1949,pos
1069,Eating,1990,pos
10690,Trekkies,1997,pos
10691,Boxer The,1997,pos
10692,Rebecca,1940,pos
10694,Spice World,1997,pos
10695,Fallen,1998,pos
10696,Spice World,1997,pos
10697,Half Baked,1998,neg
10698,Spice World,1997,neg
10699,Half Baked,1998,neg
1070,Heathers,1989,pos
10700,Fallen,1998,pos
10701,Hard Rain,1998,neg
10702,Love Walked In,1998,pos
10703,Year of the Dragon,1985,pos
10704,Babysitter The,1995,neg
10705,Desperate Measures,1998,pos
10706,Adrenalin: Fear the Rush,1996,neg
10708,Relative Fear,1994,pos
10709,Tracks of a Killer,1995,neg
10710,Casino,1995,pos
10711,Touch of Evil,1958,pos
10712,Maltese Falcon The,1941,pos
10713,Jude,1996,pos
10714,Purple Rose of Cairo The,1985,pos
10715,39 Steps The,1935,pos
10716,Prophecy II The,1998,pos
10717,Spice World,1997,pos
10718,Hoodlum,1997,neg
10719,Endless Summer 2 The,1994,pos
1072,Sheltering Sky The,1990,pos
10720,Wag the Dog,1997,pos
10721,Modern Times,1936,pos
10722,Firestorm,1998,neg
10723,Hard Rain,1998,pos
10724,Half Baked,1998,neg
10725,Fallen,1998,pos
10728,Star Kid,1997,pos
1073,Queens Logic,1991,pos
10730,Phantoms,1998,neg
10731,Murderers Row,1966,pos
10733,Don King: Only in America,1997,pos
10734,Gingerbread Man The,1998,pos
10735,Ambushers The,1967,pos
10736,Wrecking Crew The,1969,pos
10738,Wag the Dog,1997,pos
1074,Regarding Henry,1991,pos
10740,Lone Star,1996,pos
10741,Sherlock Jr.,1924,pos
10743,Lea,1996,pos
10744,Apostle The,1997,pos
10746,Sliding Doors,1998,pos
10747,Phantoms,1998,neg
10748,Foxfire,1996,pos
1075,Ballad of the Sad Cafe The,1991,pos
10750,Strangers on a Train,1951,pos
10751,Spice World,1997,neg
10752,Phantoms,1998,pos
10753,Great Expectations,1998,pos
10754,Tell Your Children,1936,pos
10755,Scream 2,1997,pos
10756,Illtown,1996,neg
10757,Titanic,1997,pos
10758,Office Killer,1997,pos
10759,Starship Troopers,1997,pos
1076,Terminator 2: Judgment Day,1991,pos
10760,Saboteur,1942,pos
10761,Se7en,1995,pos
10762,Titanic,1997,pos
10764,Nil by Mouth,1997,pos
10765,Twister,1996,neg
10767,Scream,1996,pos
10768,Tomorrow Never Dies,1997,pos
10769,Wag the Dog,1997,pos
1077,Terminator 2: Judgment Day,1991,pos
10770,Last Temptation of Christ The,1988,pos
10771,Liar Liar,1997,neg
10772,Breaking the Waves,1996,pos
10773,Star Kid,1997,pos
10774,Mars Attacks!,1996,pos
10776,Hitlers Daughter,1990,pos
10777,Con Air,1997,pos
10778,Jason Goes to Hell: The Final Friday,1993,neg
10779,As Good As It Gets,1997,pos
1078,Naked Gun 2 1/2: The Smell of Fear The,1991,pos
10780,Spice World,1997,neg
10781,Fallen,1998,pos
10783,Eyes of a Stranger,1981,pos
10784,Temp The,1993,neg
10786,Tam e guilass,1997,pos
10787,General The,1927,pos
10788,Arguing the World,1998,pos
10789,Deconstructing Harry,1997,pos
1079,One Hundred and One Dalmatians,1961,pos
10791,French Connection The,1971,pos
10792,Hurricane Streets,1998,pos
10793,Fallen,1998,pos
10795,Shes Gotta Have It,1986,pos
10796,Phantoms,1998,neg
10797,Great Expectations,1998,neg
10798,Breaking the Waves,1996,pos
1080,Truly Madly Deeply,1991,pos
10800,Deep Rising,1998,neg
10801,Sindrome di Stendhal La,1996,pos
10802,Crash,1996,pos
10804,Spice World,1997,pos
10805,Wilde,1997,pos
10806,Cop Land,1997,pos
10807,Titanic,1997,pos
10808,College,1927,pos
10809,Amistad,1997,pos
1081,Ladri di saponette,1989,pos
10810,Drugstore Cowboy,1989,pos
10811,Ayn Rand: A Sense of Life,1997,pos
10813,As Good As It Gets,1997,pos
10814,Boogie Nights,1997,pos
10815,Young Frankenstein,1974,pos
10817,Starship Troopers,1997,pos
10818,Great Expectations,1998,pos
10819,Good Will Hunting,1997,pos
1082,Point Break,1991,pos
10820,Good Will Hunting,1997,pos
10823,American Werewolf in Paris An,1997,pos
10825,Deceiver,1997,pos
10827,Deceiver,1997,neg
1083,Robin Hood: Prince of Thieves,1991,pos
10830,Desperate Measures,1998,pos
10831,Phantoms,1998,neg
10832,JFK,1991,pos
10833,Wag the Dog,1997,pos
10836,Desperate Measures,1998,pos
10837,Good Will Hunting,1997,pos
10838,Replacement Killers The,1998,pos
10839,Across the Pacific,1942,pos
1084,V.I. Warshawski,1991,neg
10840,Ice Storm The,1997,pos
10841,Oscar and Lucinda,1997,pos
10842,Deep Rising,1998,pos
10843,Circus The,1928,pos
10844,Tampopo,1986,pos
10845,Halloween,1978,pos
10846,Malicious,1995,neg
10847,Deep Rising,1998,neg
10848,Deceiver,1997,pos
10849,Zero Effect,1998,pos
1085,Bill & Teds Bogus Journey,1991,pos
10852,Deep Rising,1998,neg
10853,Good Will Hunting,1997,pos
10855,Deep Rising,1998,neg
10856,Bent,1997,pos
10857,Illtown,1996,pos
10859,Deep Rising,1998,neg
1086,Strangers in Good Company,1991,pos
10860,Bambi,1942,pos
10861,Desperate Measures,1998,pos
10862,Wag the Dog,1997,pos
10863,Spice World,1997,pos
10865,Hitcher The,1986,pos
10867,Thousand Acres A,1997,pos
10868,Gattaca,1997,pos
10869,I Know What You Did Last Summer,1997,neg
1087,Die xue jie tou,1990,pos
10870,Scrooge,1951,pos
10871,Tango Lesson The,1997,pos
10872,Deep Rising,1998,neg
10873,Apostle The,1997,pos
10874,Scarface,1983,pos
10875,When We Were Kings,1996,pos
10877,Phantoms,1998,pos
10878,Deceiver,1997,pos
10879,Devils Advocate The,1997,pos
1088,Miracle The,1991,pos
10880,Alien: Resurrection,1997,pos
10882,Senseless,1998,pos
10883,Desperate Measures,1998,pos
10884,Always,1989,pos
10885,Good Will Hunting,1997,pos
10886,Rock The,1996,pos
10887,Starship Troopers,1997,pos
10888,Fallen,1998,pos
10889,Phantoms,1998,pos
10890,Jailhouse Rock,1957,pos
10891,Boxer The,1997,pos
10892,Deconstructing Harry,1997,pos
10893,Game The,1997,pos
10894,Desperate Measures,1998,pos
10895,Gingerbread Man The,1998,pos
10897,Dr. No,1962,pos
10898,Yearling The,1994,pos
10899,Kundun,1997,pos
1090,Pastime,1991,pos
10900,Sweet Hereafter The,1997,pos
10901,Great Expectations,1998,pos
10902,Sweet Hereafter The,1997,pos
10903,Deconstructing Harry,1997,pos
10904,Postman The,1997,neg
10905,Wag the Dog,1997,pos
10906,Flubber,1997,neg
10907,Evil Dead II,1987,pos
1091,Truly Madly Deeply,1991,pos
10910,Wedding Singer The,1998,pos
10911,Booty Call,1997,neg
10912,Blues Brothers 2000,1998,pos
10913,Blues Brothers 2000,1998,pos
10914,Deep Rising,1998,neg
10915,Big Lebowski The,1998,pos
10916,Replacement Killers The,1998,pos
10917,Zero Effect,1998,pos
10918,Body Melt,1993,neg
10919,Palmetto,1998,pos
1092,Uranus,1990,pos
10920,Zero Effect,1998,pos
10923,Replacement Killers The,1998,pos
10924,Kundun,1997,pos
10926,Full Monty The,1997,pos
10927,From Russia with Love,1963,pos
10928,Goldfinger,1964,pos
10929,Thunderball,1965,pos
1093,Xiaoao Jianghu,1990,pos
10930,Alien: Resurrection,1997,pos
10931,Cats Dont Dance,1997,pos
10932,Replacement Killers The,1998,pos
10933,I Confess,1953,pos
10934,Slacker,1991,pos
10935,Replacement Killers The,1998,pos
10936,Great Expectations,1998,pos
10937,Conspiracy Theory,1997,pos
10938,Deep Rising,1998,neg
10939,Species,1995,pos
1094,Doctor Zhivago,1965,pos
10940,Phantoms,1998,pos
10941,Mishima: A Life in Four Chapters,1985,pos
10942,Sgt. Kabukiman N.Y.P.D.,1990,neg
10943,Frat House,1998,pos
10944,Blues Brothers 2000,1998,pos
10945,Twilight,1998,pos
10946,Andromeda Strain The,1971,pos
10947,Foreign Correspondent,1940,pos
10948,Anastasia,1997,pos
10949,Wings of the Dove The,1997,pos
1095,Body Parts,1991,pos
10950,As Good As It Gets,1997,pos
10951,As Good As It Gets,1997,pos
10954,Titanic,1997,pos
10955,Remains of the Day The,1993,pos
10957,Borrowers The,1997,pos
10958,Wag the Dog,1997,pos
10959,Good Will Hunting,1997,pos
1096,Truly Madly Deeply,1991,pos
10960,Replacement Killers The,1998,pos
10961,Replacement Killers The,1998,pos
10962,Blues Brothers 2000,1998,pos
10963,Christmas Story A,1983,pos
10964,Wedding Singer The,1998,pos
10965,Chamber The,1996,pos
10966,Stargate,1994,neg
10967,Species,1995,neg
10968,You Only Live Twice,1967,pos
10969,Replacement Killers The,1998,pos
1097,Man Without a World The,1991,pos
10970,Blues Brothers 2000,1998,neg
10971,Replacement Killers The,1998,pos
10973,Clerks,1994,pos
10974,Jerry Maguire,1996,pos
10978,Replacement Killers The,1998,pos
10979,Borrowers The,1997,pos
1098,Hot Shots!,1991,neg
10980,Sphere,1998,pos
10981,Kundun,1997,pos
10982,Good Will Hunting,1997,pos
10984,Ai no corrida,1976,pos
10985,Emerald Forest The,1985,pos
10986,Boogie Nights,1997,pos
10987,Last Supper The,1995,pos
10988,Wedding Singer The,1998,pos
10989,Maboroshi no hikari,1995,pos
1099,Hot Shots!,1991,neg
10990,Eves Bayou,1997,pos
10991,Big One The,1997,pos
10992,Blues Brothers 2000,1998,pos
10993,Deconstructing Harry,1997,pos
10994,As Good As It Gets,1997,pos
10995,Oscar and Lucinda,1997,pos
10996,Wedding Singer The,1998,pos
10997,Replacement Killers The,1998,pos
10999,I Know What You Did Last Summer,1997,pos
11000,Blues Brothers 2000,1998,neg
11001,People vs. Larry Flynt The,1996,pos
11003,Dead Zone The,1983,pos
11004,Great Expectations,1998,pos
11005,Titanic,1997,pos
11006,Replacement Killers The,1998,neg
11007,Hurricane Streets,1998,pos
11008,Fearless,1993,pos
11009,Dark City,1998,pos
1101,Philadelphia Story The,1940,neg
11010,Tregua La,1996,pos
11011,Wedding Singer The,1998,pos
11012,Sweet Hereafter The,1997,pos
11013,Under Siege 2: Dark Territory,1995,pos
11014,Sphere,1998,pos
11015,Sweet Hereafter The,1997,pos
11016,Scream 2,1997,pos
11017,Fifth Element The,1997,pos
11018,Sadness of Sex The,1995,pos
11019,Sphere,1998,pos
1102,Iron & Silk,1990,pos
11020,Fast Cheap & Out of Control,1997,pos
11025,Rashomon,1950,pos
11026,Sliver,1993,pos
11028,Sphere,1998,neg
11030,Jackal The,1997,neg
11035,Addiction The,1995,pos
11036,Sphere,1998,pos
11038,Morning Glory,1933,pos
11039,Wedding Singer The,1998,pos
1104,Doc Hollywood,1991,pos
11041,Titanic,1997,pos
11042,Akira,1988,pos
11043,Twilight,1998,pos
11045,Apostle The,1997,pos
11046,Fallen,1998,pos
11047,Good Will Hunting,1997,pos
11048,On Her Majestys Secret Service,1969,pos
1105,Doc Hollywood,1991,pos
11050,Green for Danger,1946,pos
11051,Apostle The,1997,pos
11054,Sphere,1998,neg
11056,Sphere,1998,neg
11057,Sphere,1998,pos
11058,Wedding Singer The,1998,neg
11059,Borrowers The,1997,pos
1106,Es ist nicht leicht ein Gott zu sein,1989,pos
11060,Spice World,1997,pos
11061,Palmetto,1998,neg
11064,Shadow of a Doubt,1943,pos
11065,Palmetto,1998,neg
11066,Tango Lesson The,1997,pos
11068,Mrs. Dalloway,1997,pos
11069,Diamonds Are Forever,1971,pos
1107,Paris Is Burning,1990,pos
11070,Thieves Quartet,1994,pos
11076,Clean Shaven,1995,pos
11078,Borrowers The,1997,pos
1108,Dead Again,1991,pos
11080,Blues Brothers 2000,1998,pos
11081,Borrowers The,1997,pos
11082,I Love You Dont Touch Me!,1998,pos
11083,Arrival The,1996,pos
11084,Amistad,1997,pos
1109,Dead Again,1991,pos
11090,Sphere,1998,neg
11091,Dragonheart,1996,pos
11092,Sphere,1998,pos
11093,Lawn Dogs,1997,pos
11094,Palmetto,1998,pos
11095,M,1931,pos
11096,Ice Storm The,1997,pos
11097,Midnight,1934,pos
11098,Sukeban Deka,1995,neg
1110,Tall Guy The,1989,pos
11100,Man Who Knew Too Little The,1997,pos
11101,Gattaca,1997,pos
11102,Man Who Knew Too Much The,1934,pos
11103,Rich and Strange,1932,pos
11104,Baby Doll,1956,pos
11105,In & Out,1997,pos
11106,True Lies,1994,pos
11107,Indiana Jones and the Temple of Doom,1984,pos
11108,Apostle The,1997,pos
11109,Sphere,1998,neg
1111,Fisher King The,1991,pos
11110,Metro,1997,pos
11111,Dressed to Kill,1980,pos
11112,Fifth Element The,1997,pos
11113,Contact,1997,pos
11114,Jumanji,1995,pos
11115,Live and Let Die,1973,pos
11116,Wolf,1994,pos
11117,Wyatt Earp,1994,pos
11118,Palmetto,1998,pos
11119,Senseless,1998,neg
1112,Hot Shots!,1991,pos
11120,Real Blonde The,1997,neg
11121,Sydney,1996,pos
11122,Blue Velvet,1986,pos
11123,L.A. Confidential,1997,pos
11125,Boogie Nights,1997,pos
11126,Real Blonde The,1997,pos
11128,Wings of the Dove The,1997,pos
11129,24 7: Twenty Four Seven,1997,pos
1113,Hot Shots!,1991,neg
11132,Dark City,1998,pos
11133,Maltese Falcon The,1941,pos
11134,Gingerbread Man The,1998,pos
11135,Dangerous Beauty,1998,pos
11139,Contact,1997,pos
1114,Childs Play 3,1991,pos
11140,Pulp Fiction,1994,pos
11141,Silenzio dei prosciutti Il,1994,pos
11142,Dawn of the Dead,1978,pos
11143,Everest,1998,pos
11145,Wedding Singer The,1998,pos
11146,Fatal Charm,1992,neg
11147,Palmetto,1998,pos
11149,As Good As It Gets,1997,pos
1115,Company Business,1991,pos
11150,Spice World,1997,pos
11151,Rainmaker The,1997,pos
11152,Dangerous Beauty,1998,pos
11155,Supa no onna,1996,pos
11157,Cant Help Singing,1944,pos
1116,Delusion,1991,pos
11160,Krippendorfs Tribe,1998,pos
11162,Swingers,1996,pos
11165,Gattaca,1997,pos
11166,Starship Troopers,1997,pos
1117,Pope Must Die The,1991,pos
11170,Man with the Golden Gun The,1974,pos
11172,Starship Troopers,1997,pos
11175,Animal House,1978,pos
11176,Apostle The,1997,pos
11177,Kundun,1997,pos
11179,Borrowers The,1997,pos
1118,Commitments The,1991,pos
11180,Rich and Strange,1932,pos
11181,Spice World,1997,pos
11183,Lolita,1962,pos
11184,Dead Presidents,1995,pos
11185,Palmetto,1998,neg
11186,Senseless,1998,neg
11187,Krippendorfs Tribe,1998,pos
11188,Virtuosity,1995,pos
11189,Sgt. Peppers Lonely Hearts Club Band,1978,neg
11190,Amistad,1997,pos
11192,Kissing a Fool,1998,pos
11194,Chongqing senlin,1994,pos
11196,Sphere,1998,neg
11197,Island on Bird Street The,1997,pos
11198,Sphere,1998,neg
11199,Sphere,1998,neg
11200,Devils Advocate The,1997,pos
11201,Dark City,1998,pos
11203,Thief of Bagdad The,1924,pos
11204,Wedding Singer The,1998,pos
11206,Kissing a Fool,1998,pos
11207,Dark City,1998,pos
11208,Starship Troopers,1997,pos
1121,Freddys Dead: The Final Nightmare,1991,pos
11212,U Turn,1997,pos
11213,Red Corner,1997,pos
11215,Dark City,1998,pos
11216,Gattaca,1997,pos
11217,Spawn,1997,pos
11218,Scream,1996,pos
11219,Mission: Impossible,1996,pos
1122,Barton Fink,1991,pos
11220,Krippendorfs Tribe,1998,pos
11221,Heavens Prisoners,1996,neg
11222,Kissing a Fool,1998,neg
11223,Historie milosne,1997,pos
11224,This Is the Sea,1998,pos
11225,Afterglow,1997,pos
11226,Twilight,1998,pos
11227,Twilight,1998,pos
11228,Dark City,1998,pos
1123,Barton Fink,1991,pos
11231,Dark City,1998,pos
11232,Kissing a Fool,1998,pos
11233,Krippendorfs Tribe,1998,neg
11237,Starship Troopers,1997,pos
11239,Maximum Risk,1996,neg
1124,Together Alone,1991,pos
11241,Krippendorfs Tribe,1998,pos
11242,Afterglow,1997,pos
11243,Real Blonde The,1997,pos
11245,Flubber,1997,pos
11246,Dantes Peak,1997,pos
11247,Kissing a Fool,1998,neg
11248,Face/Off,1997,pos
11249,Setouchi munraito serenade,1997,pos
11251,On the Waterfront,1954,pos
11252,Millers Crossing,1990,pos
11253,Ordinary People,1980,pos
11254,I Love You Alice B. Toklas!,1968,pos
11255,Big Lebowski The,1998,pos
11256,Dark City,1998,pos
11257,Blood Simple,1984,pos
11258,Assassins,1995,pos
11259,Dark City,1998,pos
1126,Tongues Untied,1991,pos
11260,Meet the Feebles,1989,pos
11261,Life During Wartime,1997,pos
11265,Mat i syn,1997,pos
11266,Ben-Hur,1925,pos
11267,Midnight in the Garden of Good and Evil,1997,pos
11268,Amistad,1997,pos
1128,Late for Dinner,1991,pos
11281,Twilight,1998,pos
1129,Fisher King The,1991,pos
11294,Kissing a Fool,1998,pos
11295,Krippendorfs Tribe,1998,pos
11296,Men in Black,1997,pos
11297,Gattaca,1997,pos
11299,Liar Liar,1997,pos
1130,Pit and the Pendulum The,1990,pos
11300,Mrs. Brown,1997,pos
11302,Clue,1985,pos
11305,Mrs. Dalloway,1997,pos
11306,Casablanca,1942,pos
11308,Gingerbread Man The,1998,pos
11309,Ugly The,1997,pos
1131,Buried Alive,null,pos
11311,Knockin On Heavens Door,1997,pos
11312,Qin song,1996,pos
11314,Dark City,1998,pos
11315,Apostle The,1997,pos
11316,Wedding Singer The,1998,neg
11317,Twister,1996,neg
1132,Rambling Rose,1991,pos
11320,Flubber,1997,neg
11321,Big Lebowski The,1998,pos
11322,Replacement Killers The,1998,pos
11323,Titanic,1997,pos
11324,Apostle The,1997,pos
11326,Swept from the Sea,1997,pos
11328,Spy Who Loved Me The,1977,pos
11329,U.S. Marshals,1998,pos
1133,Archangel,1990,pos
11330,Tam e guilass,1997,pos
11333,Bound,1996,pos
11334,Dangerous Beauty,1998,pos
11335,Butcher Boy The,1997,pos
11336,Welcome to Woop Woop,1997,pos
11339,Swept from the Sea,1997,pos
1134,Fisher King The,1991,pos
11340,Field of Dreams,1989,pos
11341,Dark City,1998,pos
11342,Twilight,1998,pos
11343,U.S. Marshals,1998,pos
11344,Razors Edge The,1984,pos
11345,As Good As It Gets,1997,pos
11346,Blues Brothers 2000,1998,neg
11347,Titanic,1997,pos
11348,Replacement Killers The,1998,pos
11349,As Good As It Gets,1997,pos
1135,Blade Runner,1982,pos
11350,Love and Death on Long Island,1997,pos
11351,Hush,1998,pos
11357,Deep Rising,1998,pos
11358,Desperate Measures,1998,pos
1136,Slacker,1991,pos
11362,L.A. Confidential,1997,pos
11363,Sweet Hereafter The,1997,pos
11364,Lost Highway,1997,pos
11365,Dark City,1998,pos
11366,Are You in the House Alone?,1978,pos
11369,Rebel Without a Cause,1955,pos
1137,Freddys Dead: The Final Nightmare,1991,pos
11370,Phenomena,1985,pos
11371,Shakes the Clown,1991,neg
11372,Spitfire,1994,pos
11373,U.S. Marshals,1998,pos
11374,Alan Smithee Film: Burn Hollywood Burn An,1997,neg
11375,Big Lebowski The,1998,pos
11376,U.S. Marshals,1998,pos
11377,Devils Advocate The,1997,pos
11378,Dark City,1998,pos
11379,Three Musketeers The,1921,pos
1138,Paradise,1991,pos
11380,U.S. Marshals,1998,pos
11382,Hush,1998,neg
11383,Twilight,1998,pos
11384,Big Lebowski The,1998,pos
11386,Big Lebowski The,1998,pos
11387,Wag the Dog,1997,pos
11389,Mouse Hunt,1997,pos
1139,Whore,1991,pos
11391,Dangerous Beauty,1998,pos
11392,Real Blonde The,1997,pos
11393,Big Lebowski The,1998,pos
11394,Good Will Hunting,1997,pos
11395,Big Lebowski The,1998,pos
11396,Big Lebowski The,1998,pos
11397,Twilight,1998,pos
11398,Sphere,1998,neg
1140,Delicatessen,1991,pos
11400,U.S. Marshals,1998,pos
11401,Vertigo,1958,pos
11405,Dangerous Beauty,1998,pos
11406,Dark City,1998,pos
11407,Dark City,1998,neg
11408,Hush,1998,pos
11409,Wedding Singer The,1998,pos
1141,Refrigerator The,1991,pos
11410,Dangerous Beauty,1998,pos
11411,Big Lebowski The,1998,pos
11412,Big Lebowski The,1998,pos
11413,U.S. Marshals,1998,pos
11414,Wilde,1997,pos
11415,Contact,1997,pos
11416,Big Lebowski The,1998,pos
11417,Dangerous Beauty,1998,pos
11418,Twilight,1998,pos
11419,Big Lebowski The,1998,pos
1142,Ricochet,1991,pos
11420,U.S. Marshals,1998,pos
11421,Hush,1998,neg
11422,Twilight,1998,pos
11423,My Best Friends Wedding,1997,pos
11424,Snapper The,1993,pos
11427,Newton Boys The,1998,pos
11428,Crimson Tide,1995,pos
11429,U.S. Marshals,1998,pos
1143,Borrower The,1991,pos
11431,Moby Dick,1998,pos
11432,Big Lebowski The,1998,pos
11433,Twilight,1998,pos
11434,Big Lebowski The,1998,pos
11435,Mrs. Dalloway,1997,pos
11436,U.S. Marshals,1998,pos
11438,As Good As It Gets,1997,pos
11439,Big Lebowski The,1998,pos
1144,Homicide,1991,pos
11440,Rainmaker The,1997,pos
11441,Our Hospitality,1923,pos
11442,Mahler,1974,pos
11443,Akira,1988,pos
11444,Daytrippers The,1996,pos
11445,Man in the Iron Mask The,1998,pos
11446,Two Girls and a Guy,1997,pos
11447,Land Girls The,1998,pos
11449,Big Lebowski The,1998,pos
11450,Big Lebowski The,1998,pos
11451,Air Force One,1997,pos
11452,Man in the Iron Mask The,1998,pos
11453,Exorcist The,1973,pos
11454,U.S. Marshals,1998,neg
11455,Twilight,1998,pos
11456,Manhattan,1979,pos
11458,Fargo,1996,pos
11459,Moby Dick,1930,pos
1146,Little Man Tate,1991,pos
11461,Hush,1998,neg
11462,Castle The,null,pos
11463,Man in the Iron Mask The,1998,neg
11465,Wild Things,1998,pos
11466,Titanic,1997,pos
11467,U Turn,1997,pos
11468,Moonraker,1979,pos
11469,For Your Eyes Only,1981,pos
1147,Barton Fink,1991,pos
11470,Men with Guns,null,pos
11471,Twilight,1998,pos
11473,Flirting with Disaster,1996,pos
11479,Titanic,1997,pos
1148,Homicide,1991,pos
11481,Big Lebowski The,1998,pos
11483,Dark City,1998,pos
11484,Hush,1998,pos
11485,U.S. Marshals,1998,neg
11489,Big Lebowski The,1998,pos
1149,Fisher King The,1991,pos
11490,Chinese Box,1997,pos
11491,Niagara Niagara,1997,pos
11495,Eden,1997,pos
1150,Butchers Wife The,1991,pos
11503,Postman The,1997,pos
11504,Game The,1997,pos
11505,Wag the Dog,1997,pos
11506,Jackie Brown,1997,pos
11508,Longest Day The,1962,pos
11509,Citizen X,1995,pos
1151,Due occhi diabolici,1990,pos
11510,MatchMaker The,1997,pos
11511,Apostle The,1997,pos
1152,Due occhi diabolici,1990,pos
11528,As Good As It Gets,1997,pos
1153,My Own Private Idaho,1991,pos
11531,Papillon,1973,pos
11532,Man in the Iron Mask The,1998,pos
11533,Big Lebowski The,1998,pos
11535,Jackie Brown,1997,pos
11536,Jackal The,1997,pos
11537,U.S. Marshals,1998,pos
11538,Man in the Iron Mask The,1998,pos
1154,Highlander II: The Quickening,1991,neg
11542,Chairman of the Board,1998,neg
11543,Man in the Iron Mask The,1998,pos
11544,Gingerbread Man The,1998,pos
11545,Manhattan Murder Mystery,1993,pos
11547,Man in the Iron Mask The,1998,pos
11548,Narayama bushiko,1982,pos
1155,Other Peoples Money,1991,pos
11550,Budbringeren,1997,pos
11551,Trois couleurs: Rouge,1994,pos
11553,Love and Death on Long Island,1997,pos
11554,Great Dictator The,1940,pos
11556,Chinatown,1974,pos
11558,My Giant,1998,pos
1156,Other Peoples Money,1991,pos
11560,Firestorm,1998,pos
11561,His Girl Friday,1940,pos
11562,Never Give a Sucker an Even Break,1941,pos
11563,No Looking Back,1998,pos
11564,Wild Things,1998,pos
11566,Palmetto,1998,neg
11567,Wedding Singer The,1998,pos
11568,Jackal The,1997,neg
11569,Apostle The,1997,pos
1157,People Under the Stairs The,1992,pos
11570,Pillow Book The,1996,pos
11571,In & Out,1997,pos
11572,Good Will Hunting,1997,pos
11578,Wide Awake,1998,neg
11579,In the Name of the Father,1993,pos
1158,People Under the Stairs The,1992,pos
11580,Fortress,1993,pos
11581,Courtyard The,1995,pos
11582,Primary Colors,1998,pos
11583,Solyaris,1972,pos
11584,Strangers on a Train,1951,pos
11585,Primary Colors,1998,pos
11587,Primary Colors,1998,pos
11589,Boogie Nights,1997,pos
1159,Madonna: Truth or Dare,1991,pos
11590,Amistad,1997,pos
11591,Big Lebowski The,1998,pos
11592,Primal Fear,1996,pos
11593,Sgt. Bilko,1996,neg
11594,Man in the Iron Mask The,1998,pos
11595,Wild Things,1998,pos
11596,Everest,1998,pos
11597,Opposite of Sex The,1998,pos
11598,Jackie Brown,1997,pos
11599,Tomorrow Never Dies,1997,pos
1160,Enchanted April,1992,pos
11601,Real Blonde The,1997,neg
11602,Wide Awake,1998,pos
11603,Yatgo ho yan,1997,pos
11604,Wild Things,1998,pos
11605,Primary Colors,1998,pos
11606,Love and Death on Long Island,1997,pos
11607,Real Blonde The,1997,neg
1161,Volere volare,1991,pos
11610,Marty,1955,pos
11613,Wild Things,1998,neg
11614,Champion,1949,pos
11615,Wild Things,1998,neg
11616,Primary Colors,1998,pos
1162,Billy Bathgate,1991,pos
11625,Devils Advocate The,1997,neg
11626,As Good As It Gets,1997,pos
11627,Primary Colors,1998,pos
11628,U.S. Marshals,1998,pos
11629,Titanic,1997,pos
1163,Twenty-One,1991,pos
11630,Primary Colors,1998,pos
11631,Wag the Dog,1997,pos
11632,Price Above Rubies A,1998,pos
11633,Primary Colors,1998,pos
11634,Yatgo ho yan,1997,pos
11635,American Perfekt,1997,pos
11636,Feiying gaiwak,1990,pos
11637,My Giant,1998,neg
1164,Black Robe,1991,pos
11649,Fallen,1998,pos
1165,Urga,1991,pos
11650,All the Presidents Men,1976,pos
11651,Gentlemans Agreement,1947,pos
11652,Parallax View The,1974,pos
11653,Newton Boys The,1998,pos
11654,Apostle The,1997,pos
11655,Jackie Brown,1997,pos
11656,Mouse Hunt,1997,pos
11657,Wild Things,1998,pos
11658,Primary Colors,1998,pos
1166,Valmont,1989,pos
11660,Real Blonde The,1997,pos
11661,Kundun,1997,pos
11662,Chronicle of a Disappearance,1996,pos
11663,Deconstructing Harry,1997,pos
11667,Wild Things,1998,pos
11668,Yatgo ho yan,1997,neg
11669,Wide Awake,1998,pos
1167,Ucieczka z kina Wolnosc,1991,pos
11670,Defiant Ones The,1958,pos
11671,Titanic,1997,pos
11672,Anastasia,1997,pos
11673,Profondo rosso,1975,pos
11675,Dark City,1998,pos
11678,Yatgo ho yan,1997,pos
11679,Meet the Deedles,1998,neg
1168,Triple Bogey on a Par Five Hole,1991,pos
11680,Hana-bi,1997,pos
11681,Wild Things,1998,pos
11685,Thirty Two Short Films About Glenn Gould,1993,pos
11686,Allegro non troppo,1976,pos
11687,Angel at My Table An,1990,pos
11688,Tous les matins du monde,1991,pos
1169,People Under the Stairs The,1992,neg
11690,Primary Colors,1998,pos
11691,Mon oncle Antoine,1971,pos
11694,Once Upon a Time in America,1984,pos
11695,Chinese Box,1997,pos
11696,Primary Colors,1998,pos
11697,U.S. Marshals,1998,pos
11698,Wild Things,1998,pos
11699,Batman & Mr. Freeze: SubZero,1998,pos
1170,Closet Land,1991,pos
11700,Newton Boys The,1998,pos
11701,Primary Colors,1998,pos
11703,Possessed by the Night,1994,neg
11704,Hana-bi,1997,pos
11705,Dung che sai duk,1994,pos
11706,Broadway Damage,1997,pos
11707,Primary Colors,1998,pos
11708,Anastasia,1997,pos
11709,Womans Tale A,1991,pos
1171,And You Thought Your Parents Were Weird,1991,pos
11710,Angels and Insects,1995,pos
11712,Antonia,1995,pos
11713,Marusa no onna,1987,pos
11714,Wild Things,1998,pos
11715,Price Above Rubies A,1998,pos
11716,Wild Things,1998,pos
11717,Yatgo ho yan,1997,neg
11718,Batman,1989,pos
11719,Batman Returns,1992,pos
1172,Beauty and the Beast,1991,pos
11720,Batman Forever,1995,pos
11721,Newton Boys The,1998,pos
11722,Executive Decision,1996,pos
11723,Diabolique,1996,neg
11724,Aladdin,1992,pos
11725,Newton Boys The,1998,pos
11726,null,null,pos
11727,Basquiat,1996,pos
11729,Lost in Space,1998,pos
1173,Man in the Moon The,1991,pos
11730,Great Expectations,1998,pos
11733,Yatgo ho yan,1997,pos
11734,Proposition The,1998,pos
11739,Boys Night Out,1962,pos
1174,Cape Fear,1991,pos
11740,Wide Awake,1998,pos
11741,Grease,1978,pos
11742,Grease 2,1982,pos
11745,Go Now,1995,pos
11746,Suicide Kings,1997,pos
11747,My Giant,1998,neg
11749,Newton Boys The,1998,pos
1175,Cape Fear,1991,pos
11750,Metropolis,1927,pos
11752,Substitute 2: Schools Out The,1998,neg
11753,Love and Death on Long Island,1997,pos
11754,Men with Guns,null,pos
11755,Yatgo ho yan,1997,pos
11757,Psycho,1960,pos
1176,Search for Signs of Inteligent Life in the Universe The,1991,pos
11760,Lost Weekend The,1945,pos
11761,Meet the Deedles,1998,neg
11762,Newton Boys The,1998,pos
11763,Nil by Mouth,1997,neg
11764,Big One The,1997,pos
11765,Man in the Iron Mask The,1998,pos
11767,Breakdown,1997,pos
1177,Highlander II: The Quickening,1991,neg
11770,Newton Boys The,1998,pos
11771,Love and Death on Long Island,1997,pos
11773,Wild Things,1998,pos
11774,Newton Boys The,1998,pos
11776,Newton Boys The,1998,pos
11777,No Looking Back,1998,pos
11778,Ferris Buellers Day Off,1986,pos
11779,Darkman,1990,neg
1178,Cape Fear,1991,pos
11782,Newton Boys The,1998,pos
11783,Wild Things,1998,pos
11784,Grease,1978,pos
11785,Lost in Space,1998,pos
11786,Lost in Space,1998,pos
11789,U.S. Marshals,1998,pos
1179,Addams Family The,1991,pos
11790,Meet the Deedles,1998,neg
11791,Tomorrow Never Dies,1997,pos
11792,Newton Boys The,1998,pos
11793,Primary Colors,1998,pos
11794,Newton Boys The,1998,pos
11795,Man in the Iron Mask The,1998,neg
11796,Hidden The,1987,pos
11797,Cuba,1979,pos
11798,Dark City,1998,pos
11799,Apostle The,1997,pos
1180,Beauty and the Beast,1991,pos
11800,Big Lebowski The,1998,pos
11802,Wag the Dog,1997,pos
11804,Primary Colors,1998,pos
11805,Mercury Rising,1998,pos
11806,Odd Couple II The,1998,pos
11807,Octopussy,1983,pos
11809,Sphere,1998,neg
1181,Beauty and the Beast,1991,pos
11812,Mercury Rising,1998,neg
11813,Mercury Rising,1998,neg
11814,Mercury Rising,1998,pos
11815,Butcher Boy The,1997,pos
11816,Mercury Rising,1998,neg
11817,Butcher Boy The,1997,pos
11819,Flirting with Disaster,1996,pos
1182,Beauty and the Beast,1991,pos
11821,Schindlers List,1993,pos
11822,Naked,1993,pos
11825,Newton Boys The,1998,pos
11826,Gingerbread Man The,1998,pos
11829,Newton Boys The,1998,pos
1183,Addams Family The,1991,pos
11833,Great Expectations,1998,pos
11834,Primary Colors,1998,pos
11835,Karakter,1997,pos
11836,Karakter,1997,pos
11837,Spanish Prisoner The,1997,pos
11838,Barneys Great Adventure,1998,pos
1184,Cape Fear,1991,pos
11840,Lost in Space,1998,pos
11841,Titanic,1997,pos
11843,Lost in Space,1998,neg
11844,Sleepers,1996,pos
11845,Lost in Space,1998,pos
11846,Lost in Space,1998,neg
11847,Odd Couple II The,1998,pos
11849,Big One The,1997,pos
1185,Prosperos Books,1991,pos
11850,Lost in Space,1998,pos
11851,Sphere,1998,neg
11854,Snow White,1997,pos
11855,Spawn,1997,neg
11856,Odd Couple II The,1998,neg
11857,Wild Things,1998,pos
11858,Anaconda,1997,pos
11859,G.I. Jane,1997,pos
11860,Mercury Rising,1998,pos
11861,Nothing to Lose,1997,pos
11862,Lost in Space,1998,pos
11863,Odd Couple II The,1998,pos
11864,Replacement Killers The,1998,pos
11865,Most Wanted,1997,neg
11866,Lost in Space,1998,pos
11867,Yatgo ho yan,1997,neg
11868,When We Were Kings,1996,pos
11869,Naked,1993,pos
1187,Cape Fear,1991,pos
11870,Wind in the Willows The,null,pos
11871,Education of Little Tree The,1997,pos
11872,My Own Private Idaho,1991,pos
11873,Paulie,1998,pos
11875,High Society,1956,pos
11876,Grizzly,1976,neg
11879,Mercury Rising,1998,pos
1188,Star Trek VI: The Undiscovered Country,1991,pos
11881,Lost in Space,1998,pos
11882,Mercury Rising,1998,pos
11883,Lost in Space,1998,pos
11884,Lost in Space,1998,pos
11885,Lost in Space,1998,neg
11886,Lost in Space,1998,neg
11887,Lost in Space,1998,pos
11888,Ride,1998,neg
1189,Star Trek VI: The Undiscovered Country,1991,pos
11891,Lost in Space,1998,pos
11892,Homicide,1991,pos
11893,Alien Nation,1988,neg
11894,Pelican Brief The,1993,pos
11895,Artemisia,1997,pos
11898,People vs. Larry Flynt The,1996,pos
11899,Mercury Rising,1998,pos
1190,Star Trek VI: The Undiscovered Country,1991,pos
11900,Last Supper The,1995,pos
11903,Basquiat,1996,pos
11904,Bandit Queen,1994,pos
11905,Bach et bottine,1986,pos
11906,Lost in Space,1998,pos
11907,If Lucy Fell,1996,pos
11908,Up Close & Personal,1996,pos
11909,Lost in Space,1998,neg
1191,Star Trek VI: The Undiscovered Country,1991,neg
11910,Lost in Space,1998,pos
11912,My Giant,1998,pos
11914,Wild Man Blues,1998,pos
11916,City of Angels,1998,pos
11917,Truman Show The,1998,pos
11918,Lost in Space,1998,pos
11919,Lost in Space,1998,neg
1192,Star Trek VI: The Undiscovered Country,1991,pos
11921,Flirting,1991,pos
11922,Jingle All the Way,1996,pos
11923,City of Angels,1998,pos
11924,Object of My Affection The,1998,pos
11925,Lost in Space,1998,pos
11926,City of Angels,1998,pos
11927,High Art,1998,neg
11929,Nightwatch,1998,pos
1193,Prince of Tides The,1991,pos
11930,Players Club The,1998,pos
11931,Lost in Space,1998,neg
11932,Barneys Great Adventure,1998,pos
11933,Butcher Boy The,1997,pos
11934,Price Above Rubies A,1998,neg
11935,Two Girls and a Guy,1997,pos
11936,City of Angels,1998,pos
11938,Mercury Rising,1998,pos
1194,Last Boy Scout The,1991,pos
11940,City of Angels,1998,pos
11941,Spanish Prisoner The,1997,pos
11942,Ben-Hur,1959,pos
11945,No Looking Back,1998,neg
11946,City of Angels,1998,pos
1195,Hook,1991,pos
11951,Species II,1998,neg
11953,Man Who Knew Too Little The,1997,pos
11954,Twelve Monkeys,1995,pos
11955,Fargo,1996,pos
11956,Lost Highway,1997,pos
11957,Grease,1978,pos
1196,Hook,1991,pos
11960,Odd Couple II The,1998,pos
11961,Alan Smithee Film: Burn Hollywood Burn An,1997,neg
11962,Species II,1998,pos
11963,Blues Brothers 2000,1998,neg
11964,Conspiracy Theory,1997,pos
11965,Jurassic Park,1993,pos
11966,Love and Death on Long Island,1997,pos
11967,Tunnel Vision,1995,pos
11968,Lost in Space,1998,neg
1197,Prosperos Books,1991,pos
11971,Gingerbread Man The,1998,pos
11972,Love and Death on Long Island,1997,pos
11973,I Know What You Did Last Summer,1997,neg
11975,City of Angels,1998,pos
11976,My Giant,1998,pos
11977,Big One The,1997,pos
11978,Paulie,1998,pos
11979,No Looking Back,1998,neg
1198,Indian Runner The,1991,pos
11980,Men with Guns,null,pos
11981,My Giant,1998,neg
11982,Niagara Niagara,1997,pos
11983,City of Angels,1998,pos
11984,Species II,1998,neg
11985,Spanish Prisoner The,1997,pos
1199,Father of the Bride,1991,pos
11990,Cheun gwong tsa sit,1997,pos
11992,Lost in Space,1998,neg
11993,Beautiful Dreamers,1990,pos
11994,Becoming Colette,1991,pos
11995,Bedazzled,1967,pos
11996,Before Sunrise,1995,pos
11998,Pred dozhdot,1994,pos
11999,Odd Couple II The,1998,pos
12000,Ox-Bow Incident The,1943,pos
12002,North,1994,neg
12003,Species II,1998,neg
12004,Gone with the Wind,1939,pos
12005,Shopping for Fangs,1997,pos
12006,Lost in Space,1998,neg
12007,City of Angels,1998,pos
12008,Dark City,1998,pos
12009,Nosferatu eine Symphonie des Grauens,1922,pos
1201,Bugsy,1991,pos
12010,Oscar and Lucinda,1997,pos
12012,Lost in Space,1998,neg
12013,City of Angels,1998,pos
12015,Easter Parade,1948,pos
12016,Lost Highway,1997,pos
12018,Meet the Feebles,1989,pos
1202,Bugsy,1991,pos
12020,Lost in Space,1998,pos
12022,Beyond Rangoon,1995,pos
12024,Lunes de fiel,1992,pos
12025,Being There,1979,pos
12026,Belle de jour,1967,pos
12027,City of Angels,1998,pos
12028,Twilight,1998,pos
12029,Paulie,1998,pos
1203,JFK,1991,pos
12030,Aguirre der Zorn Gottes,1972,pos
12032,Sliding Doors,1998,pos
12034,Shooting Fish,1997,pos
12035,Sour Grapes,1998,pos
12037,Lost in Space,1998,neg
12038,Marius et Jeannette,1997,pos
12039,City of Angels,1998,pos
1204,JFK,1991,pos
12040,Mercury Rising,1998,pos
12041,Spanish Prisoner The,1997,pos
12042,Object of My Affection The,1998,pos
12043,City of Angels,1998,pos
12044,Kiss the Girls,1997,neg
12045,Lost in Space,1998,neg
12046,Titanic,1997,pos
12047,Hana-bi,1997,pos
12049,Shooting Fish,1997,pos
12050,Object of My Affection The,1998,pos
12051,Species II,1998,neg
12053,City of Angels,1998,pos
12054,Starship Troopers,1997,pos
12056,Butcher Boy The,1997,pos
12057,Nightwatch,1998,pos
12058,Priyatel pokojnika,1997,pos
12059,Wilde,1997,pos
1206,Tacones lejanos,1991,pos
12060,View to a Kill A,1985,pos
12062,Faster Pussycat! Kill! Kill!,1965,pos
12065,Species II,1998,neg
12068,Toys,1992,pos
12069,Bordello of Blood,1996,pos
1207,Father of the Bride,1991,pos
12070,Romper Stomper,1992,pos
12071,Dark City,1998,pos
12072,Broadcast News,1987,pos
12073,Monkey Business,1952,pos
12074,Grave The,1996,pos
12075,City of Angels,1998,neg
12076,Devils Advocate The,1997,pos
12077,Sour Grapes,1998,pos
12078,Last Seduction The,1994,pos
12079,WarGames,1983,pos
1208,For the Boys,1991,pos
12080,Spanish Prisoner The,1997,pos
12081,Barneys Great Adventure,1998,pos
12082,Less Than Zero,1987,pos
12084,Lashou shentan,1992,pos
12086,Lost Highway,1997,pos
1209,Moby Dick,1930,pos
12091,Two Girls and a Guy,1997,pos
12093,Spanish Prisoner The,1997,pos
12096,Sliding Doors,1998,pos
12098,Lord of the Rings The,1978,pos
12099,Titanic,1997,pos
1210,Meeting Venus,1991,pos
12100,Major League: Back to the Minors,1998,neg
12101,Paulie,1998,pos
12102,GoodFellas,1990,pos
12103,Gadjo dilo,1998,pos
12104,Sliding Doors,1998,pos
12105,Spanish Prisoner The,1997,pos
12106,Paulie,1998,pos
12109,Major League: Back to the Minors,1998,neg
1211,My Own Private Idaho,1991,pos
12110,Object of My Affection The,1998,pos
12112,Home Alone 3,1997,neg
12113,Sliding Doors,1998,pos
12114,Object of My Affection The,1998,pos
12117,Chairman of the Board,1998,neg
1212,Last Boy Scout The,1991,pos
12120,Boogie Nights,1997,pos
12121,Object of My Affection The,1998,pos
12122,Suicide Kings,1997,pos
12123,Mrs. Dalloway,1997,pos
12124,Jackie Brown,1997,pos
12125,Lost Highway,1997,pos
12126,Heathers,1989,pos
12127,Wild Things,1998,pos
12129,Nobodys Fool,1994,pos
1213,Hearts of Darkness: A Filmmakers Apocalypse,1991,pos
12130,Object of My Affection The,1998,pos
12133,Rashomon,1950,pos
12134,Big Hit The,1998,neg
12135,Two Girls and a Guy,1997,pos
12137,Always Outnumbered,1998,pos
12138,U Turn,1997,pos
12139,Big Hit The,1998,neg
1214,Prosperos Books,1991,pos
12140,Suicide Kings,1997,pos
12141,Object of My Affection The,1998,pos
12142,Death Machine,1995,pos
12143,Vierde man De,1983,pos
12144,Broken Arrow,1996,pos
12145,Beautiful Girls,1996,pos
12146,Mary Reilly,1996,pos
12147,Sense and Sensibility,1995,pos
12148,Mercury Rising,1998,pos
1215,Rich Girl,1990,pos
12154,Butcher Boy The,1997,pos
12156,Artemisia,1997,pos
12157,He Got Game,1998,pos
12158,Sliding Doors,1998,pos
12159,American in Paris An,1951,pos
1216,Hook,1991,pos
12164,Big Hit The,1998,pos
12165,Species II,1998,neg
12166,City of Angels,1998,pos
1217,Rush,1991,pos
12171,Big Hit The,1998,neg
12175,Big Hit The,1998,neg
12176,Wilde,1997,pos
12178,U.S. Marshals,1998,neg
12179,Paulina,1998,neg
1218,Prince of Tides The,1991,pos
12180,24 7: Twenty Four Seven,1997,pos
12187,Virtual Seduction,1995,neg
12189,Clerks,1994,pos
1219,Prince of Tides The,1991,pos
12190,Big Hit The,1998,pos
12191,Chasing Amy,1997,pos
12193,Mallrats,1995,pos
12195,Twilight,1998,pos
12196,Striptease,1996,neg
12197,Blaue Engel Der,1930,pos
12198,Paulie,1998,pos
1220,Freejack,1992,pos
12200,Trainspotting,1996,pos
12201,After Dark My Sweet,1990,pos
12202,Doom Generation The,1995,neg
12203,Truman Show The,1998,pos
12205,Elephant Man The,1980,pos
12206,Tarzan and the Lost City,1998,pos
12207,Barb Wire,1996,neg
12208,Halloween,1978,pos
12209,Big Hit The,1998,neg
1221,Hachigatsu no kyoshikyoku,1991,pos
12210,Tarzan and the Lost City,1998,pos
12211,Big Hit The,1998,neg
12212,Amateur,1994,pos
12214,Network,1976,pos
12215,Two Girls and a Guy,1997,pos
12216,Tarzan and the Lost City,1998,neg
12217,24 7: Twenty Four Seven,1997,pos
12218,Hunt for Red October The,1990,pos
1222,Grand Canyon,1991,pos
12220,Jenseits der Stille,1996,pos
12221,Budbringeren,1997,pos
12222,Tectonic Plates,1992,neg
12225,Men with Guns,null,pos
12226,Sick: The Life & Death of Bob Flanagan Supermasochist,1997,pos
12228,Kurt & Courtney,1998,pos
12229,Sphere,1998,pos
1223,Naked Lunch,1991,pos
12230,Borrowers The,1997,pos
12231,In the Company of Men,1997,pos
12232,Good Will Hunting,1997,pos
12233,Wedding Singer The,1998,pos
12234,Sound of One Hand Clapping The,1998,pos
12235,Ice Storm The,1997,pos
12236,Scream 2,1997,pos
12237,Alien: Resurrection,1997,neg
12238,Red Corner,1997,pos
12239,Hard Rain,1998,neg
1224,Naked Lunch,1991,pos
12240,Man in the Iron Mask The,1998,pos
12242,Two Girls and a Guy,1997,pos
12243,He Got Game,1998,pos
12246,Players Club The,1998,pos
12248,MatchMaker The,1997,pos
1225,Freejack,1992,neg
12253,Species II,1998,neg
12254,Big One The,1997,pos
12255,Chinese Box,1997,pos
12256,Two Girls and a Guy,1997,pos
12258,Boy Friend The,1971,pos
12259,Big Hit The,1998,neg
1226,Freejack,1992,pos
12262,Much Ado About Nothing,1993,neg
12263,He Got Game,1998,pos
12265,He Got Game,1998,pos
12266,Mr. Hollands Opus,1995,pos
12268,Big Hit The,1998,pos
12269,Dark City,1998,pos
1227,Fried Green Tomatoes,1991,pos
12270,Fear,1996,pos
12274,Bulworth,1998,pos
12276,I Know What You Did Last Summer,1997,pos
12279,Big Hit The,1998,pos
1228,Black Robe,1991,pos
12280,Gingerbread Man The,1998,pos
12284,He Got Game,1998,pos
12285,He Got Game,1998,pos
12286,Object of My Affection The,1998,pos
12287,Big Country The,1958,pos
12288,Tarzan and the Lost City,1998,neg
1229,Hand That Rocks the Cradle The,1992,pos
12291,Wild Man Blues,1998,pos
12292,Butcher Boy The,1997,pos
12293,Scream 2,1997,pos
12294,Big Hit The,1998,pos
12295,Enter the Dragon,1973,pos
12296,Commando,1985,pos
12297,He Got Game,1998,pos
12299,Sleuth,1972,pos
1230,Popcorn,1991,pos
12300,Henry: Portrait of a Serial Killer,1986,pos
12302,Spanish Prisoner The,1997,pos
12304,He Got Game,1998,pos
12305,Swingers,1996,pos
12306,Pulp Fiction,1994,pos
12307,Sliding Doors,1998,pos
12309,Sliding Doors,1998,pos
1231,Kuffs,1992,pos
12310,Object of My Affection The,1998,pos
12311,Love etc.,1996,pos
12312,Two Girls and a Guy,1997,pos
12313,Buffalo 66,1998,pos
12315,Midnight Cowboy,1969,pos
12316,Clockwork Orange A,1971,pos
12317,Six-String Samurai,1998,pos
12318,Dark Crystal The,1982,pos
12319,He Got Game,1998,pos
1232,Life Is Sweet,1990,pos
12320,Big Hit The,1998,pos
12321,Point of No Return,1993,pos
12324,Sliding Doors,1998,pos
12326,Chasing Amy,1997,pos
12328,24 7: Twenty Four Seven,1997,pos
12330,Little Princess A,1995,pos
12331,City of Angels,1998,pos
12332,Jackal The,1997,neg
12333,Gattaca,1997,pos
12334,As Good As It Gets,1997,pos
12335,Black Dog,1998,neg
12337,Dawn of the Dead,1978,pos
1234,Grand Canyon,1991,pos
12341,Kurt & Courtney,1998,pos
12343,Peau douce La,1964,pos
12344,Network,1976,pos
12345,Surrender Dorothy,1998,pos
12346,Tregua La,1996,pos
12347,Bulworth,1998,pos
12348,He Got Game,1998,pos
1235,Dun-Huang,1988,pos
12350,Wild Things,1998,pos
12351,Fargo,1996,pos
12352,Woo,1998,pos
12353,Quest for Camelot,1998,pos
12356,Lost in Space,1998,neg
12359,Horse Whisperer The,1998,pos
12360,Deep Impact,1998,pos
12361,City of Angels,1998,pos
12362,Bandits,1997,pos
12363,Jumanji,1995,pos
12364,Nixon,1995,pos
12369,Woo,1998,pos
12370,Deep Impact,1998,pos
12371,Black Dog,1998,neg
12373,Species II,1998,neg
12374,Citizen Kane,1941,pos
12375,Alive,1993,pos
12376,Sphere,1998,neg
12377,Lost in Space,1998,neg
12379,Hussard sur le toit Le,1995,pos
1238,Wax or the Discovery of Television Among the Bees,1992,pos
12381,Ethan Frome,1993,pos
12382,He Got Game,1998,pos
12384,Lost in Space,1998,neg
12387,Carlas Song,1996,pos
12388,Deep Impact,1998,pos
1239,Shining Through,1992,pos
12390,Quest for Camelot,1998,pos
12393,Deep Impact,1998,pos
12398,Deep Impact,1998,pos
12399,Deep Impact,1998,pos
1240,Shining Through,1992,pos
12400,Wilde,1997,pos
12401,Living Daylights The,1987,pos
12402,Eraserhead,1977,pos
12403,Big Hit The,1998,neg
12404,Jane Eyre,1944,pos
12405,He Got Game,1998,pos
12408,Deep Impact,1998,pos
12409,Deep Impact,1998,pos
1241,Back in the U.S.S.R.,1992,pos
12410,Deep Impact,1998,pos
12411,Homegrown,1998,pos
12412,He Got Game,1998,pos
12413,Black Dog,1998,pos
12414,Deep Impact,1998,pos
12415,Species,1995,neg
12416,Budbringeren,1997,pos
12417,Deep Impact,1998,pos
1242,Grand Canyon,1991,pos
12420,Starship Troopers,1997,pos
12421,Black Robe,1991,pos
12422,Blowup,1966,pos
12423,Dracula,1992,pos
12426,Love and Death on Long Island,1997,pos
12427,Woo,1998,neg
12428,Shooting Fish,1997,pos
12429,Quest for Camelot,1998,pos
1243,Let Him Have It,1991,pos
12430,He Got Game,1998,pos
12431,Hana-bi,1997,pos
12433,Quest for Camelot,1998,pos
12434,JFK,1991,pos
12435,Starship Troopers,1997,pos
12436,Hard Rain,1998,pos
12437,As Good As It Gets,1997,pos
12438,Titanic,1997,neg
12439,Peacemaker The,1997,neg
1244,Fried Green Tomatoes,1991,pos
12440,L.A. Confidential,1997,pos
12441,Air Force One,1997,pos
12442,Speed 2: Cruise Control,1997,neg
12443,Event Horizon,1997,neg
12444,Game The,1997,pos
12445,Face/Off,1997,pos
12446,Conspiracy Theory,1997,pos
12448,Assignment The,1997,pos
12449,Breakdown,1997,pos
1245,Blizhnij krug,1992,pos
12450,Blackjack,1998,neg
12452,Mr. Jealousy,1997,pos
12455,Sliding Doors,1998,pos
12456,Deep Impact,1998,pos
12457,Grapes of Wrath The,1940,pos
12458,Taxi Driver,1976,pos
12459,Laura,1944,pos
1246,Blizhnij krug,1992,pos
12460,Bulworth,1998,pos
12461,Big Hit The,1998,neg
12462,Grease,1978,pos
12463,G.I. Jane,1997,pos
12464,Under the Skin,1997,pos
12467,Artemisia,1997,pos
12468,Horse Whisperer The,1998,pos
1247,Naked Lunch,1991,pos
12470,Man of La Mancha,1972,pos
12471,Quest for Camelot,1998,pos
12472,Everest,1998,pos
12473,Bulworth,1998,pos
12474,Governess The,1998,pos
12475,Horse Whisperer The,1998,pos
12476,All Stars,1997,pos
12477,HUFTERS & hofdames,1997,pos
12478,Breaking the Waves,1996,pos
12479,Brazil,1985,pos
1248,Waynes World,1992,pos
12480,Horse Whisperer The,1998,pos
12481,Black Dog,1998,pos
12484,Deep Impact,1998,pos
12485,Bringing Up Baby,1938,pos
12486,Game The,1997,pos
12487,Karakter,1997,pos
12488,Horse Whisperer The,1998,pos
12489,Last Days of Disco The,1998,pos
1249,Kafka,1991,pos
12490,Marie Baie des Anges,1997,pos
12491,Artemisia,1997,pos
12494,From Here to Eternity,1953,pos
12495,City of Hope,1991,pos
1250,Waynes World,1992,pos
12500,Deep Impact,1998,pos
12501,Bulworth,1998,pos
12502,Priyatel pokojnika,1997,pos
12506,Deep Impact,1998,neg
12507,Big One The,1997,pos
12509,Godzilla,1998,pos
1251,Medicine Man,1992,neg
12510,Cat on a Hot Tin Roof,1958,pos
12511,Horse Whisperer The,1998,pos
12512,He Got Game,1998,pos
12513,Angel Cop,1989,neg
12514,Wizard of Oz The,1939,pos
12515,Harmagedon: Genma taisen,1982,pos
12516,Licence to Kill,1989,pos
12518,Woo,1998,neg
12519,Still Breathing,1998,pos
12520,Dancer Texas Pop. 81,1998,pos
12521,Horse Whisperer The,1998,pos
12522,Quest for Camelot,1998,neg
12523,Shooting Fish,1997,pos
12524,Scream,1996,pos
12526,China Syndrome The,1979,pos
12529,Karakter,1997,pos
1253,Radio Flyer,1992,pos
12530,Horse Whisperer The,1998,pos
12531,U Turn,1997,pos
12535,No Looking Back,1998,pos
12537,Henry Fool,1997,pos
12538,Men in Black,1997,pos
12539,Horse Whisperer The,1998,pos
1254,Mississippi Masala,1991,pos
12540,Horse Whisperer The,1998,pos
12541,Street Fighter,1994,pos
12543,Deep Impact,1998,pos
12544,Chinese Box,1997,pos
12545,Many Adventures of Winnie the Pooh The,1977,pos
12546,Last Days of Disco The,1998,pos
12549,Hope Floats,1998,pos
1255,Bis ans Ende der Welt,1991,pos
12550,Godzilla,1998,neg
12551,Godzilla,1998,neg
12552,Godzilla,1998,pos
12553,Fear and Loathing in Las Vegas,1998,pos
12554,Hope Floats,1998,pos
12556,Godzilla,1998,neg
12557,I Think I Do,1997,pos
12558,He Got Game,1998,pos
12560,Godzilla,1998,neg
12562,Godzilla,1998,neg
12563,Dark City,1998,pos
12564,Godzilla,1998,neg
12566,Deep Impact,1998,pos
12567,Godzilla,1998,neg
12569,Godzilla,1998,pos
1257,Memoirs of an Invisible Man,1992,pos
12572,Godzilla,1998,neg
12573,As Good As It Gets,1997,pos
12574,Godzilla,1998,neg
12575,Cousin Bette,1998,pos
12576,Last Days of Disco The,1998,pos
12577,Mrs. Dalloway,1997,pos
12578,Ma vie en rose,1997,pos
12579,Femme de chambre du Titanic La,1997,pos
1258,Memoirs of an Invisible Man,1992,pos
12580,Hol volt hol nem volt,1987,pos
12581,Godzilla,1998,neg
12582,Godzilla,1998,neg
12587,Horse Whisperer The,1998,pos
12588,Godzilla,1998,pos
1259,Hear My Song,1991,pos
12590,Godzilla,1998,pos
12592,Huozhe,1994,pos
12595,Godzilla,1998,neg
12597,Godzilla,1998,neg
12598,Fear and Loathing in Las Vegas,1998,pos
12599,Myth of Fingerprints The,1997,pos
1260,Hear My Song,1991,pos
12600,Prosperos Books,1991,pos
12601,Primary Colors,1998,pos
12602,Fear and Loathing in Las Vegas,1998,pos
12603,Shopping for Fangs,1997,neg
12604,Fear and Loathing in Las Vegas,1998,pos
12606,Godzilla,1998,pos
12607,Horse Whisperer The,1998,pos
12608,Fear and Loathing in Las Vegas,1998,pos
12609,Fear and Loathing in Las Vegas,1998,pos
1261,Wax or the Discovery of Television Among the Bees,1992,pos
12612,Godzilla,1998,neg
12613,Godzilla,1998,neg
12614,Searching for Bobby Fischer,1993,pos
12616,Strictly Ballroom,1992,pos
12617,He Got Game,1998,pos
12618,Hana-bi,1997,pos
1262,Final Analysis,1992,pos
12620,Fear and Loathing in Las Vegas,1998,pos
12621,Godzilla,1998,neg
12622,Romy and Micheles High School Reunion,1997,neg
1263,Final Analysis,1992,pos
12635,Reversal of Fortune,1990,pos
12637,Wild Things,1998,pos
12638,Spawn,1997,neg
12639,Shichinin no samurai,1954,pos
1264,Medicine Man,1992,pos
12640,Alfie,1966,pos
12641,Stalked,1994,neg
12642,Bulworth,1998,pos
12643,Bulworth,1998,pos
12644,Wedding Singer The,1998,pos
12645,Nil by Mouth,1997,pos
12646,Horse Whisperer The,1998,pos
12647,Hav Plenty,1997,pos
12649,Bulworth,1998,pos
1265,TV Dante: The Inferno Cantos I-VIII A,1989,pos
12650,Hope Floats,1998,pos
12651,Do the Right Thing,1989,pos
12652,Starship Troopers,1997,pos
12653,Great Expectations,1998,pos
12654,Mad City,1997,pos
12655,Deep Impact,1998,pos
12656,Godzilla,1998,pos
12657,Peacemaker The,1997,pos
12658,Godzilla,1998,neg
12659,Godzilla,1998,pos
1266,Hitlerjunge Salomon,1990,pos
12660,Godzilla,1998,neg
12661,Godzilla,1998,neg
12662,Bulworth,1998,pos
12663,Fear and Loathing in Las Vegas,1998,pos
12664,Ice Storm The,1997,pos
12666,Opposite of Sex The,1998,pos
12667,Godzilla,1998,pos
12668,Duoluo tianshi,1995,pos
1267,Mississippi Masala,1991,pos
12671,Godzilla,1998,neg
12674,Never Talk to Strangers,1995,neg
12675,Ex The,1997,neg
12676,Deep Impact,1998,pos
12677,Godzilla,1998,neg
12678,Godzilla,1998,neg
1268,Mississippi Masala,1991,pos
12680,Horse Whisperer The,1998,pos
12681,Deep Impact,1998,pos
12682,Quest for Camelot,1998,neg
12685,Player The,1992,pos
12686,Alien: Resurrection,1997,pos
12687,Playing God,1997,neg
12688,Cool World,1992,pos
12689,Last Days of Disco The,1998,pos
1269,Singin in the Rain,1952,pos
12691,Captives,1994,pos
12692,Hope Floats,1998,pos
12693,GoldenEye,1995,pos
12695,Godzilla,1998,neg
12697,Godzilla,1998,neg
12698,Bulworth,1998,pos
12699,Night to Remember A,1958,pos
1270,Waynes World,1992,pos
12700,Heartwood,1998,pos
12701,Hav Plenty,1997,neg
12702,Baby Its You,1997,pos
12703,Fantasia,1940,pos
12704,Fear and Loathing in Las Vegas,1998,pos
12705,Horse Whisperer The,1998,pos
12706,Smoke Signals,1998,pos
12707,Godzilla,1998,neg
1271,Mississippi Masala,1991,pos
12710,Still Breathing,1998,pos
1272,Addams Family The,1991,neg
12720,Jenseits der Stille,1996,pos
12721,Assignment The,1997,pos
12722,One Night Stand,1997,pos
12723,Trial and Error,1997,neg
12724,Bulworth,1998,pos
12725,Deep Impact,1998,neg
12726,Dark City,1998,pos
12727,Perfect Murder A,1998,neg
1273,Shadows and Fog,1992,pos
12730,Fear and Loathing in Las Vegas,1998,neg
12733,Truman Show The,1998,pos
12734,Atlantic City,1980,pos
12736,Fifteen and Pregnant,1998,pos
12737,Shooting Fish,1997,pos
12739,He Got Game,1998,pos
1274,Waynes World,1992,neg
12740,Hope Floats,1998,pos
12741,Bulworth,1998,pos
12742,Fear and Loathing in Las Vegas,1998,pos
12743,Perfect Murder A,1998,pos
12744,Almost Heroes,1998,neg
12747,Dont Lose Your Head,1967,pos
12748,Drowning by Numbers,1988,pos
1275,Hear My Song,1991,pos
12750,Horse Whisperer The,1998,pos
12751,Horse Whisperer The,1998,pos
12752,Spanish Prisoner The,1997,pos
12753,Habit,1997,pos
12754,America America,1963,pos
12755,Clockwatchers,1997,pos
12756,Perfect Murder A,1998,pos
12758,Simoom: A Passion in the Desert,1998,pos
1276,Bugsy,1991,pos
12761,Fear and Loathing in Las Vegas,1998,neg
12762,He Got Game,1998,pos
12763,Perfect Murder A,1998,pos
12766,Godzilla,1998,neg
12768,Godzilla,1998,pos
12769,High Art,1998,pos
1277,American Me,1992,pos
12770,Perfect Murder A,1998,pos
12773,Hanging Garden The,1997,pos
12774,Carlas Song,1996,pos
12775,Truman Show The,1998,pos
12776,Show Boat,1936,pos
12777,Last Days of Disco The,1998,pos
12778,Artemisia,1997,pos
12779,Treasure of the Sierra Madre The,1948,pos
1278,Mambo Kings The,1992,pos
12780,Godzilla,1998,neg
12781,Shadow of a Doubt,1943,pos
12782,Belly of an Architect The,1987,pos
12784,Truman Show The,1998,pos
12785,Almost Heroes,1998,neg
12786,Truman Show The,1998,pos
12788,Sweet Smell of Success,1957,pos
1279,Memoirs of an Invisible Man,1992,pos
12790,Truman Show The,1998,pos
12791,Pi,1998,pos
12794,Truman Show The,1998,pos
12795,Last Days of Disco The,1998,pos
12796,Almost Heroes,1998,neg
12797,Perfect Murder A,1998,pos
12798,Hope Floats,1998,pos
12799,Broadway Damage,1997,neg
1280,My Cousin Vinny,1992,pos
12800,Opposite of Sex The,1998,pos
12802,Last Days of Disco The,1998,pos
12806,Clan of the Cave Bear The,1986,neg
12807,Opposite of Sex The,1998,pos
12808,Quest for Camelot,1998,pos
12809,Almost Heroes,1998,neg
1281,This Is My Life,1992,neg
12810,Godzilla,1998,neg
12814,Truman Show The,1998,pos
12816,Bulworth,1998,pos
12817,Take Me Out to the Ball Game,1949,pos
12818,Truman Show The,1998,pos
1282,Basic Instinct,1992,neg
12821,Priyatel pokojnika,1997,pos
12823,Six Days Seven Nights,1998,pos
12824,Truman Show The,1998,pos
12827,Newton Boys The,1998,pos
12828,Perfect Murder A,1998,pos
12829,Truman Show The,1998,pos
1283,Lawnmower Man The,1992,pos
12830,All Quiet on the Western Front,1930,pos
12831,Truman Show The,1998,pos
12832,Dream for an Insomniac,1998,pos
12833,Truman Show The,1998,pos
12834,Cannonball Run II,1984,pos
12837,Mouse Hunt,1997,pos
12838,Life Less Ordinary A,1997,neg
12839,Hidden The,1987,pos
1284,Lawnmower Man The,1992,pos
12840,Raising Arizona,1987,pos
12841,Patton,1970,pos
12842,Horse Whisperer The,1998,pos
12843,Truman Show The,1998,pos
12844,Carry On Camping,1969,pos
12845,Truman Show The,1998,pos
12846,Deep Impact,1998,pos
12847,Mask The,1994,neg
12848,Shes So Lovely,1997,neg
12849,Six Days Seven Nights,1998,pos
12850,Truman Show The,1998,pos
12853,Carry On Emmannuelle,1978,neg
12854,Almost Heroes,1998,neg
12855,Carry On Dick,1974,neg
12856,Manchurian Candidate The,1962,pos
12857,Stuart Saves His Family,1995,pos
12859,Six Days Seven Nights,1998,pos
1286,Outremer,1990,pos
12860,City of Angels,1998,pos
12861,Godzilla,1998,neg
12862,Perfect Murder A,1998,pos
12863,Truman Show The,1998,pos
12864,Cable Guy The,1996,pos
12865,Smoke Signals,1998,pos
12866,Young Frankenstein,1974,pos
12867,Jenseits der Stille,1996,pos
12868,Godzilla,1998,neg
12869,Bulworth,1998,pos
1287,Basic Instinct,1992,pos
12870,Godzilla,1998,neg
12871,Newton Boys The,1998,pos
12872,Carry On Abroad,1972,pos
12873,Carry On Behind,1975,pos
12874,Big One The,1997,pos
12875,Bulworth,1998,pos
1288,Lawnmower Man The,1992,pos
12882,Truman Show The,1998,pos
12883,Cant Hardly Wait,1998,pos
12886,Truman Show The,1998,pos
12888,Thousand Acres A,1997,pos
12889,Bulworth,1998,pos
12890,Cant Hardly Wait,1998,neg
12891,Metropolitan,1990,pos
12893,Last Days of Disco The,1998,pos
12894,Godfather: Part II The,1974,pos
12895,Spanish Prisoner The,1997,pos
12897,Breakfast Club The,1985,pos
12898,Carry On Up the Khyber,1968,pos
1290,Mambo Kings The,1992,pos
12901,Carry On Cowboy,1965,pos
12902,Fear and Loathing in Las Vegas,1998,pos
12903,Castaway,1987,pos
12904,Rhapsody in Blue,1945,pos
12905,Carrington,1995,pos
12906,Truman Show The,1998,pos
12907,Perfect Murder A,1998,pos
12908,Truman Show The,1998,pos
12909,Midnight in the Garden of Good and Evil,1997,pos
1291,Rocky Horror Picture Show The,1975,pos
12911,Six Days Seven Nights,1998,pos
12912,Young Frankenstein,1974,pos
12913,Truman Show The,1998,pos
12915,Dracula: Dead and Loving It,1995,pos
12916,Six Days Seven Nights,1998,pos
12918,Christopher Columbus: The Discovery,1992,pos
12919,Six Days Seven Nights,1998,pos
1292,Noises Off...,1992,pos
12920,Chaplin,1992,pos
12921,Campanadas a medianoche,1965,pos
12922,Chongqing senlin,1994,pos
12923,Truman Show The,1998,pos
12925,Cant Hardly Wait,1998,neg
12926,Anaconda,1997,neg
12927,Perfect Murder A,1998,pos
12929,Late Show The,1977,pos
1293,Noises Off...,1992,pos
12930,Sirens,1994,pos
12933,Truman Show The,1998,pos
12934,Truman Show The,1998,pos
12935,Man Who Would Be King The,1975,pos
12936,Mulan,1998,pos
12938,Hope Floats,1998,pos
1294,FernGully: The Last Rainforest,1992,pos
12940,Horse Whisperer The,1998,pos
12941,Truman Show The,1998,pos
12942,Primary Colors,1998,pos
12944,Deep Impact,1998,pos
12945,Looking for Mr. Goodbar,1977,pos
1295,Shadows and Fog,1992,pos
12953,Hope Floats,1998,pos
12954,Welcome Stranger,1947,pos
12956,He Got Game,1998,pos
12957,Spanish Prisoner The,1997,pos
12958,Breakdown,1997,pos
12959,Titanic,1997,pos
1296,Shadows and Fog,1992,pos
12960,Gingerbread Man The,1998,pos
12961,Baby Its You,1997,pos
12963,Deep Impact,1998,pos
12964,Shooting Fish,1997,pos
12965,Godzilla,1998,pos
12966,Bulworth,1998,pos
12967,Cant Hardly Wait,1998,pos
12968,Truman Show The,1998,pos
12969,Deep Impact,1998,neg
1297,Hitlerjunge Salomon,1990,pos
12970,Dirty Work,1998,neg
12971,Godzilla,1998,neg
12972,Truman Show The,1998,pos
12973,Bulworth,1998,pos
12976,English Patient The,1996,pos
12977,Cant Hardly Wait,1998,pos
12978,Dirty Work,1998,pos
12979,X Files The,1998,pos
1298,Broadway Bound,1991,pos
12980,Deep Impact,1998,pos
12981,Butcher Boy The,1997,pos
12982,X Files The,1998,pos
12984,Hav Plenty,1997,pos
12985,Steel,1997,pos
12987,Flim-Flam Man The,1967,pos
12988,Truman Show The,1998,pos
12989,X Files The,1998,pos
1299,Waynes World,1992,pos
12990,Mulan,1998,pos
12991,Dirty Work,1998,neg
12992,Dirty Work,1998,neg
12995,X Files The,1998,pos
12996,He Got Game,1998,pos
12997,Close Encounters of the Third Kind,1977,pos
12998,I Was a Male War Bride,1949,pos
12999,Dirty Work,1998,neg
13000,Six Days Seven Nights,1998,pos
13001,Love Is the Devil,1998,pos
13002,Defending Your Life,1991,pos
13003,Damien: Omen II,1978,pos
13004,Omen The,1976,pos
13005,Final Conflict The,1981,pos
13007,Punishment Park,1971,pos
13008,Carry On Again Doctor,1969,pos
13009,Carry On Up the Jungle,1970,pos
1301,Cape Fear,1991,pos
13010,Carry On at Your Convenience,1971,neg
13012,Dirty Work,1998,neg
13013,X Files The,1998,pos
13014,X Files The,1998,pos
13016,Jenseits der Stille,1996,pos
13017,Mikes Murder,1984,pos
13018,Body and Soul,1925,pos
1302,Lawnmower Man The,1992,pos
13020,Perfect Murder A,1998,neg
13022,Mr. Jealousy,1997,pos
13024,X Files The,1998,pos
13026,X Files The,1998,pos
13027,Hav Plenty,1997,pos
1303,Basic Instinct,1992,pos
13030,X Files The,1998,pos
13032,Smoke Signals,1998,pos
13033,Bulworth,1998,pos
13034,X Files The,1998,pos
13035,Six Days Seven Nights,1998,pos
13036,Mulan,1998,pos
13037,Apocalypse Now,1979,pos
13038,X Files The,1998,pos
13039,X Files The,1998,pos
1304,Northern Lights,1978,pos
13040,X Files The,1998,pos
13041,Gingerbread Man The,1998,pos
13042,Cant Hardly Wait,1998,neg
13043,Melody Time,1948,pos
13044,MatchMaker The,1997,neg
13045,Company of Wolves The,1984,pos
13046,X Files The,1998,pos
13047,Hope Floats,1998,neg
13048,Night at the Opera A,1935,pos
13049,Fantasia,1940,pos
1305,Close My Eyes,1991,pos
13050,Mr. Saturday Night,1992,pos
13053,X Files The,1998,pos
1306,Runestone The,1990,pos
1307,Shadows and Fog,1992,pos
13072,Species II,1998,neg
13073,Wild Things,1998,pos
13074,Titanic,1997,pos
13075,Raiders of the Lost Ark,1981,pos
13076,North by Northwest,1959,pos
1308,Where Angels Fear to Tread,1991,pos
13086,Deep Impact,1998,pos
13087,Godzilla,1998,neg
13088,Polish Wedding,1998,pos
1309,Newsies,1992,pos
13092,X Files The,1998,neg
13095,X Files The,1998,pos
13096,Cant Hardly Wait,1998,pos
13104,X Files The,1998,pos
13106,Truman Show The,1998,pos
13107,Cousin Bette,1998,pos
13108,Broadway Damage,1997,pos
13109,Spanish Prisoner The,1997,pos
1311,Newsies,1992,pos
13111,Full Tilt Boogie,1997,pos
13112,Vampires,1998,pos
13113,Dirty Work,1998,neg
13114,Six Days Seven Nights,1998,pos
13115,Mulan,1998,pos
13116,X Files The,1998,pos
13117,X Files The,1998,pos
1312,Newsies,1992,pos
13120,Out of Sight,1998,pos
13121,Vor,1997,pos
13122,Perfect Murder A,1998,pos
13124,Gingerbread Man The,1998,pos
13127,Pi,1998,pos
13128,Mulan,1998,pos
13129,Ben,1972,pos
13130,Piranha,1978,pos
13131,Doctor Dolittle,1998,neg
13132,Doctor Dolittle,1998,pos
13133,Mulan,1998,pos
13134,Mulan,1998,pos
13136,X Files The,1998,pos
13137,X Files The,1998,pos
13138,Mulan,1998,pos
13139,Conan the Barbarian,1982,pos
13140,Out of Sight,1998,pos
13143,Bis ans Ende der Welt,1991,pos
13144,Butch Cassidy and the Sundance Kid,1969,pos
13145,High Art,1998,pos
13147,X Files The,1998,pos
13148,Song jia huang chao,1997,pos
13151,Mulan,1998,pos
13153,Midnight Cowboy,1969,pos
13154,Manhattan,1979,pos
13155,X Files The,1998,pos
13156,Company of Wolves The,1984,pos
13158,X Files The,1998,pos
13159,Mulan,1998,pos
1316,Beauty and the Beast,1991,pos
13161,Hercules,1997,pos
13162,Scream 2,1997,pos
13163,Odd Couple II The,1998,pos
13164,X Files The,1998,pos
13165,Mulan,1998,pos
1317,Da hong deng long gao gao gua,1991,pos
13170,Out of Sight,1998,pos
13171,Armageddon,1998,neg
13172,Out of Sight,1998,pos
13173,Vampires,1998,pos
13174,Wilde,1997,pos
13175,Mulan,1998,pos
1318,Basic Instinct,1992,pos
13181,Home Before Dark,1997,pos
13183,Punishment Park,1971,pos
13184,Aria,1987,pos
13185,X Files The,1998,pos
13186,Return of the Living Dead The,1985,pos
13187,Doctor Dolittle,1998,pos
1319,Storia di ragazzi e di ragazze,1989,pos
13190,Halloween,1978,pos
13193,Doctor Dolittle,1998,neg
13194,Out of Sight,1998,pos
13195,Armageddon,1998,pos
13196,Third Man The,1949,pos
13197,Slums of Beverly Hills,1998,pos
13199,Julius Caesar,1953,pos
1320,Homo Faber,1991,pos
13202,X Files The,1998,pos
13203,Wild Man Blues,1998,pos
13205,Perfect Murder A,1998,pos
13206,Playing God,1997,pos
13207,Armageddon,1998,neg
13208,Truman Show The,1998,pos
13209,Godzilla,1998,neg
1321,White Men Cant Jump,1992,neg
13211,X Files The,1998,pos
13212,Event Horizon,1997,pos
13214,Armageddon,1998,pos
13215,Cousin Bette,1998,pos
13216,X Files The,1998,pos
13218,Mulan,1998,pos
1322,Thunderheart,1992,pos
13220,Out of Sight,1998,pos
13221,I Went Down,1997,pos
13222,Out of Sight,1998,pos
13223,Wilde,1997,pos
13224,Last Days of Disco The,1998,pos
13225,Out of Sight,1998,pos
13226,Armageddon,1998,pos
13228,Bulworth,1998,pos
1323,Sleepwalkers,1992,neg
13230,Boon sang yuen,1997,pos
13231,Armageddon,1998,neg
13232,Armageddon,1998,neg
13234,Cruise The,null,pos
13235,Paul Monette: The Brink of Summers End,1997,pos
13236,Snapper The,1993,pos
13237,High Art,1998,pos
13239,Mulan,1998,pos
1324,Sleepwalkers,1992,neg
13240,Batman & Robin,1997,neg
13241,Henry Fool,1997,pos
13242,Out of Sight,1998,pos
13247,Armageddon,1998,neg
13248,Perfect Murder A,1998,pos
13249,Armageddon,1998,neg
1325,Sleepwalkers,1992,pos
13250,Out of Sight,1998,pos
13251,Armageddon,1998,pos
13252,Armageddon,1998,pos
13253,Gone with the Wind,1939,pos
13256,Pink Panther The,1963,pos
13258,Network,1976,pos
1326,Sleepwalkers,1992,pos
13260,Doctor Dolittle,1998,pos
13261,Armageddon,1998,pos
13263,Armageddon,1998,pos
13265,Mutiny on the Bounty,1935,pos
13266,Truman Show The,1998,pos
13267,Armageddon,1998,pos
13268,Stranger Among Us A,1992,pos
13269,Cold Heaven,1991,pos
1327,Sleepwalkers,1992,neg
13270,Color of Night,1994,pos
13272,Congo,1995,pos
13273,Cronos,1993,pos
13274,Cyrano de Bergerac,1990,pos
13278,Out of Sight,1998,pos
1328,My Own Private Idaho,1991,neg
13281,Armageddon,1998,pos
13282,Kiss the Girls,1997,pos
13285,Replacement Killers The,1998,neg
13286,Dream with the Fishes,1997,pos
1329,Quiet Killer,1992,pos
13290,Armageddon,1998,pos
13292,Armageddon,1998,pos
13294,Soldiers Daughter Never Cries A,1998,pos
13295,Rocky III,1982,pos
13296,I Went Down,1997,pos
13297,Doctor Dolittle,1998,neg
13299,Armageddon,1998,pos
1330,Strangers in Good Company,1991,pos
13301,Doctor Dolittle,1998,pos
13302,Opposite of Sex The,1998,pos
13303,Armageddon,1998,pos
13304,Within Our Gates,1920,pos
13306,Huang tu di,1984,pos
13307,Spice World,1997,neg
13308,Dirty Work,1998,neg
1331,Newsies,1992,pos
13310,Out of Sight,1998,pos
13312,Armageddon,1998,pos
13313,Armageddon,1998,pos
13314,Hitchhikers Guide to the Galaxy The,1981,pos
13315,Clockwatchers,1997,pos
13317,Stuart Bliss,1998,pos
13318,Armageddon,1998,neg
13319,Doctor Dolittle,1998,pos
1332,FernGully: The Last Rainforest,1992,pos
13320,Out of Sight,1998,pos
13321,X Files The,1998,pos
13322,Pi,1998,pos
13323,Armageddon,1998,pos
13324,Theres Something About Mary,1998,pos
13325,She Wore a Yellow Ribbon,1949,pos
13327,Lives of a Bengal Lancer The,1935,pos
13329,Armageddon,1998,neg
13331,X Files The,1998,pos
13338,Brazil,1985,pos
13339,Small Soldiers,1998,pos
1334,Baxter,1988,pos
13341,Rambo: First Blood Part II,1985,neg
13343,Demon Seed,1977,pos
13345,Daens,1992,pos
13347,Fatale,1992,pos
13348,Delicatessen,1991,pos
1335,Captain Eo,1986,pos
13350,Last Days of Disco The,1998,pos
13351,Small Soldiers,1998,pos
13352,Out of Sight,1998,pos
1336,Edward II,1991,pos
13361,Armageddon,1998,pos
13362,Lethal Weapon 4,1998,pos
13363,Theres Something About Mary,1998,pos
13364,Mask of Zorro The,1998,pos
13366,Lethal Weapon 4,1998,pos
13367,Cant Hardly Wait,1998,pos
13368,Opposite of Sex The,1998,pos
1337,Deep Cover,1992,pos
13371,Whatever,1998,pos
13372,Armageddon,1998,pos
13374,Armageddon,1998,pos
13375,Theres Something About Mary,1998,pos
13376,Lethal Weapon 4,1998,pos
13378,Big Sleep The,1946,pos
13379,Lethal Weapon 4,1998,pos
1338,Basic Instinct,1992,pos
13381,House of Games,1987,pos
13382,Armageddon,1998,pos
13385,Small Soldiers,1998,pos
13386,Lethal Weapon 4,1998,pos
13387,Nadine,1987,pos
13388,Out of Sight,1998,pos
13389,X Files The,1998,pos
1339,Superstar: The Life and Times of Andy Warhol,1991,pos
13390,Kissing a Fool,1998,neg
13391,Armageddon,1998,pos
13393,Fear and Loathing in Las Vegas,1998,pos
13394,Rich Mans Wife The,1996,pos
13396,Moon Over Parador,1988,pos
13397,Small Soldiers,1998,pos
1340,Howards End,1992,pos
13400,Nosferatu eine Symphonie des Grauens,1922,pos
13401,Armageddon,1998,pos
13406,Lethal Weapon 4,1998,pos
13408,Armageddon,1998,pos
13409,Switchback,1997,pos
1341,Certain Sacrifice A,1985,neg
13410,Opposite of Sex The,1998,pos
13412,Armageddon,1998,neg
13414,Lethal Weapon 4,1998,pos
13417,X Files The,1998,pos
13418,Armageddon,1998,pos
13419,Mulan,1998,pos
1342,Whore,1991,pos
13420,Doctor Dolittle,1998,neg
13421,Mask of Zorro The,1998,pos
13422,Madeline,1998,pos
13423,Opposite of Sex The,1998,pos
13424,Lethal Weapon 4,1998,pos
13425,Armageddon,1998,pos
13426,Small Soldiers,1998,pos
13427,On the Waterfront,1954,pos
13428,Opposite of Sex The,1998,pos
13429,Six Days Seven Nights,1998,pos
1343,Rapture The,1991,pos
1344,Passed Away,1992,pos
13445,Henry Fool,1997,pos
13446,Small Soldiers,1998,pos
13447,Armageddon,1998,pos
13448,Saving Private Ryan,1998,pos
13449,Demoiselles de Rochefort Les,1967,pos
1345,Local Hero,1983,pos
13450,Lethal Weapon 4,1998,pos
13451,Small Soldiers,1998,pos
13452,Femme de chambre du Titanic La,1997,pos
13456,Murder on the Orient Express,1974,pos
13459,Romeo + Juliet,1996,pos
1346,White Sands,1992,pos
13460,Waynes World,1992,pos
13465,Lethal Weapon 4,1998,pos
13466,Unmade Beds,1997,pos
13468,X Files The,1998,pos
1347,City of Joy,1992,pos
13470,Mask of Zorro The,1998,pos
13474,Theres Something About Mary,1998,pos
13475,Casablanca,1942,pos
13476,Governess The,1998,pos
13478,Cant Hardly Wait,1998,neg
13479,Opposite of Sex The,1998,pos
1348,City of Joy,1992,pos
13480,Theres Something About Mary,1998,pos
13481,X Files The,1998,pos
13482,Back Street,1941,pos
13486,Mask of Zorro The,1998,pos
13487,Armageddon,1998,pos
13488,Fear and Loathing in Las Vegas,1998,pos
13489,Saving Private Ryan,1998,pos
1349,City of Joy,1992,pos
13490,Carrie,1976,pos
13491,Lethal Weapon 4,1998,neg
13492,Small Soldiers,1998,pos
13494,Terror Train,1980,neg
13495,Saving Private Ryan,1998,pos
1350,City of Joy,1992,pos
13500,Born on the Fourth of July,1989,pos
13501,Brat,1997,pos
13505,Buffalo 66,1998,pos
13507,Kundun,1997,pos
13508,Armageddon,1998,neg
13509,Gattaca,1997,pos
1351,Player The,1992,pos
13510,Exotica,1994,pos
13511,Smoke Signals,1998,pos
13512,Testimone dello sposo Il,1998,pos
13513,Sorcerer,1977,pos
13514,Theres Something About Mary,1998,pos
13517,Horse Whisperer The,1998,pos
13518,Armageddon,1998,neg
13519,Godzilla,1998,pos
1352,Player The,1992,pos
13520,Full Monty The,1997,pos
13521,Deep Impact,1998,pos
13522,Event Horizon,1997,pos
13523,Theres Something About Mary,1998,pos
13524,Enfants du paradis Les,1945,pos
13525,Simoom: A Passion in the Desert,1998,pos
13526,Mask of Zorro The,1998,pos
13527,X Files The,1998,pos
13528,Don Juan DeMarco,1995,pos
13529,Don Juan mi querido fantasma,1990,pos
1353,Year of the Comet,1992,pos
13530,Dragonheart,1996,pos
13531,Yume,1990,pos
13532,Drowning by Numbers,1988,pos
13533,Yin shi nan nu,1994,pos
13534,Educating Rita,1983,pos
13536,Home Alone,1990,pos
13537,Theres Something About Mary,1998,pos
13538,Mask of Zorro The,1998,pos
13539,Mask of Zorro The,1998,pos
1354,Player The,1992,pos
13542,Disturbing Behavior,1998,pos
13546,Gone with the Wind,1939,pos
13547,Crocodile Dundee,1986,pos
13548,Disturbing Behavior,1998,neg
13549,Julia,1977,pos
1355,Late for Dinner,1991,pos
13550,Anastasia,1956,pos
13551,Buffalo 66,1998,pos
13556,Six Days Seven Nights,1998,neg
13558,Mask of Zorro The,1998,pos
1356,Mediterraneo,1991,pos
13561,Jane Austens Mafia!,1998,neg
13562,Mask of Zorro The,1998,pos
13564,American in Paris An,1951,pos
13565,Testimone dello sposo Il,1998,pos
1357,Playboys The,1992,pos
13570,Truman Show The,1998,pos
13571,Halloween H20: Twenty Years Later,1998,pos
13572,Theres Something About Mary,1998,pos
13573,Armageddon,1998,neg
13574,Negotiator The,1998,pos
13579,Saving Private Ryan,1998,pos
1358,Da hong deng long gao gao gua,1991,pos
13580,Diva,1981,pos
13581,Saving Private Ryan,1998,pos
13582,Last Picture Show The,1971,pos
13584,Breaking Away,1979,pos
13585,Saving Private Ryan,1998,pos
13586,Ngo hai sui,1998,pos
13589,Habit,1997,pos
1359,Da hong deng long gao gao gua,1991,pos
13590,Simoom: A Passion in the Desert,1998,pos
13591,Jane Austens Mafia!,1998,pos
13596,Mask of Zorro The,1998,pos
13598,Truth About Cats & Dogs The,1996,pos
13599,Kids,1995,pos
1360,K2,1991,pos
13600,Jane Austens Mafia!,1998,pos
13601,Parent Trap The,1998,pos
13603,Edward II,1991,pos
13604,Ed Wood,1994,pos
13605,Mariachi El,1992,pos
13607,Ermo,1994,pos
13608,Hitlerjunge Salomon,1990,pos
13609,Stanno tutti bene,1990,pos
13610,Exotica,1994,pos
13611,Saving Private Ryan,1998,pos
13612,Joy Luck Club The,1993,pos
13616,Streetcar Named Desire A,1951,pos
13617,Saving Private Ryan,1998,pos
13618,Saving Private Ryan,1998,pos
13619,Carousel,1956,pos
1362,Europa,1991,pos
13620,Armageddon,1998,pos
13621,Mulan,1998,pos
13622,Lethal Weapon 4,1998,pos
13624,Parent Trap The,1998,pos
13625,Clay Pigeons,1998,pos
13627,Lethal Weapon 4,1998,pos
13629,Armageddon,1998,pos
1363,Highway 61,1991,pos
13630,Madeline,1998,pos
13631,Out of Sight,1998,pos
13634,Negotiator The,1998,pos
13635,Jane Austens Mafia!,1998,neg
13636,Home Alone,1990,pos
13637,Crocodile Dundee,1986,pos
13638,Saving Private Ryan,1998,pos
13639,Saving Private Ryan,1998,pos
1364,Drowning by Numbers,1988,pos
13640,Lolita,1997,pos
13641,Saving Private Ryan,1998,pos
13642,Disturbing Behavior,1998,neg
13643,Polish Wedding,1998,neg
13647,Saving Private Ryan,1998,pos
13648,Purple Rose of Cairo The,1985,pos
13649,20000 Leagues Under the Sea,1954,pos
1365,Proof,1991,pos
13652,Saving Private Ryan,1998,pos
13653,Parent Trap The,1998,pos
13654,Ko dou gai bei,1997,pos
13656,X Files The,1998,pos
13657,Waterworld,1995,pos
13658,City of Angels,1998,pos
13659,Good Will Hunting,1997,pos
1366,Delicatessen,1991,pos
13660,Jingle All the Way,1996,neg
13661,Opposite of Sex The,1998,pos
13662,Negotiator The,1998,pos
13665,Music From Another Room,1998,pos
13666,Cousin Bette,1998,pos
13667,Theres Something About Mary,1998,pos
13668,Mask of Zorro The,1998,pos
13669,Jane Austens Mafia!,1998,pos
1367,Lethal Weapon 3,1992,pos
13670,Disturbing Behavior,1998,neg
13671,Saving Private Ryan,1998,pos
13672,Negotiator The,1998,pos
13679,Saving Private Ryan,1998,pos
1368,Lethal Weapon 3,1992,pos
13680,BASEketball,1998,pos
13681,Horse Whisperer The,1998,pos
13682,Postman The,1997,neg
13684,Saving Private Ryan,1998,pos
13685,Blazing Saddles,1974,pos
13688,BASEketball,1998,pos
13689,Ever After,1998,pos
1369,Far and Away,1992,pos
13691,To Live and Die in L.A.,1985,pos
13692,Family Viewing,1987,pos
13693,In weiter Ferne so nah!,1993,pos
13694,Ba wang bie ji,1993,pos
13695,Fargo,1996,pos
13696,Farinelli: il castrato,1994,pos
13697,Fearless,1993,pos
13698,Lolita,1997,pos
13699,Theres Something About Mary,1998,pos
1370,Question of Attribution A,1992,pos
13700,Perfect Murder A,1998,pos
13701,Death Wish 4: The Crackdown,1987,neg
13702,Unagi,1997,pos
13703,Your Friends & Neighbors,1998,pos
13704,Saving Private Ryan,1998,pos
13706,Drowning by Numbers,1988,pos
13708,Now Voyager,1942,pos
1371,Midnight Clear A,1991,pos
13710,Death Wish 3,1985,neg
13711,Saving Private Ryan,1998,pos
13713,BASEketball,1998,pos
13718,Mulan,1998,pos
1372,Portaborse Il,1991,pos
13720,Parent Trap The,1998,pos
13721,X Files The,1998,pos
13722,Saving Private Ryan,1998,pos
13723,Mask of Zorro The,1998,pos
13725,Big Parade The,1925,pos
13726,Negotiator The,1998,pos
13728,Sliding Doors,1998,pos
13729,Halloween H20: Twenty Years Later,1998,pos
1373,White Sands,1992,pos
13730,No Time for Sergeants,1958,pos
13731,Saving Private Ryan,1998,pos
13732,Billys Hollywood Screen Kiss,1998,pos
13733,Saving Private Ryan,1998,pos
13738,Negotiator The,1998,pos
1374,Collier perdu de la colombe Le,1991,pos
13740,Waterworld,1995,pos
13744,Jaws,1975,pos
13745,Theres Something About Mary,1998,pos
13746,I Am a Fugitive from a Chain Gang,1932,pos
13747,Theres Something About Mary,1998,pos
13748,Lost in Space,1998,pos
13749,Borrowers The,1997,pos
1375,Lethal Weapon 3,1992,pos
13750,Mortal Kombat: Annihilation,1997,neg
13751,Anastasia,1997,pos
13752,Snake Eyes,1998,pos
13753,Saving Private Ryan,1998,pos
13755,Mask of Zorro The,1998,pos
13756,Waiting for Guffman,1996,pos
13757,BASEketball,1998,pos
13758,Disturbing Behavior,1998,neg
13759,Jane Austens Mafia!,1998,pos
1376,Agantuk,1991,pos
13760,Saving Private Ryan,1998,pos
13761,Negotiator The,1998,pos
13763,Paper Moon,1973,pos
13764,Mark of Zorro The,1920,pos
13765,Godzilla,1998,pos
13766,Central do Brasil,1998,pos
13767,Saving Private Ryan,1998,pos
13769,Saving Private Ryan,1998,neg
1377,Daughters of the Dust,1991,pos
13772,Dirty Harry,1971,pos
13773,Jane Austens Mafia!,1998,pos
13774,Saving Private Ryan,1998,pos
13775,Accused The,1948,pos
13777,Negotiator The,1998,pos
13778,Zero Effect,1998,pos
13779,Lethal Weapon 4,1998,pos
1378,Boyz N the Hood,1991,pos
13780,Keep the Aspidistra Flying,1997,pos
13781,Zero Effect,1998,pos
13782,Godfather: Part III The,1990,pos
13783,Halloween H20: Twenty Years Later,1998,pos
13785,Halloween H20: Twenty Years Later,1998,pos
13786,Buffalo 66,1998,pos
13787,Blues Brothers 2000,1998,neg
13788,City of Angels,1998,pos
13789,Deep Impact,1998,pos
13790,Fallen,1998,pos
13791,Godzilla,1998,pos
13792,Giant Spider Invasion The,1975,pos
13793,Dr. Black Mr. Hyde,1976,pos
13794,Wizard of Gore The,1970,pos
13795,Alien Factor The,1977,pos
13796,Man qing shi da ku xing,1995,pos
13797,Ape,1976,neg
13798,Dracula Vs. Frankenstein,1971,pos
13799,Flesh Feast,1970,pos
13800,Snake Eyes,1998,pos
13801,Parent Trap The,1998,pos
13803,Halloween H20: Twenty Years Later,1998,pos
13805,Parent Trap The,1998,pos
13806,Negotiator The,1998,pos
13807,Ever After,1998,pos
13808,Halloween H20: Twenty Years Later,1998,pos
13809,BASEketball,1998,pos
13810,BASEketball,1998,pos
13811,Mask of Zorro The,1998,pos
13812,Ever After,1998,pos
13815,Regeneration,1997,pos
13817,Lethal Weapon 4,1998,pos
13818,Ever After,1998,pos
13820,Bad Manners,1998,pos
13821,Snake Eyes,1998,pos
13822,Bian Lian,1996,pos
13823,BASEketball,1998,pos
13824,Halloween H20: Twenty Years Later,1998,pos
13825,High Noon,1952,pos
13826,Hamburger Hill,1987,pos
13827,Negotiator The,1998,pos
13828,Strawberry Fields,1998,pos
13829,Dottie Gets Spanked,1993,pos
1383,Lethal Weapon 3,1992,pos
13830,Out of the Past,1998,pos
13831,Disturbing Behavior,1998,pos
13832,King Kong,1933,pos
13833,Snake Eyes,1998,pos
13834,Snake Eyes,1998,pos
13835,Snake Eyes,1998,pos
13836,Journey The,null,pos
13837,Lucas,1986,pos
13839,Halloween H20: Twenty Years Later,1998,pos
1384,Howards End,1992,pos
13840,Saving Private Ryan,1998,pos
13841,Air Bud: Golden Receiver,1998,pos
13842,Swing Time,1936,pos
13843,Too Tired To Die,1998,pos
13844,Spy Hard,1996,neg
13845,Hamburger Hill,1987,pos
13846,Saving Private Ryan,1998,pos
13848,Safe Men,1998,neg
13849,Replacement Killers The,1998,pos
1385,Far and Away,1992,pos
13850,For Richer or Poorer,1997,neg
13852,Nightmare on Elm Street 3: Dream Warriors A,1987,pos
13854,Quiet Man The,1952,pos
13855,Pi,1998,pos
13856,Perfect Murder A,1998,pos
13857,Saving Private Ryan,1998,pos
13858,Snake Eyes,1998,pos
13859,Permanent Midnight,1998,pos
1386,One False Move,1991,pos
13860,Snake Eyes,1998,pos
13863,Dark City,1998,pos
13865,Crossworlds,1996,pos
13866,Downdraft,1996,pos
13867,Last Lives,1997,pos
13868,Leapin Leprechauns,1995,pos
13869,Daddys Girl,1996,pos
1387,Lawnmower Man The,1992,pos
13870,Snake Eyes,1998,pos
13871,Slums of Beverly Hills,1998,pos
13872,Return to Paradise,1998,pos
13873,Armageddon,1998,pos
13874,Lethal Weapon 4,1998,pos
13875,Halloween H20: Twenty Years Later,1998,neg
13876,Ever After,1998,pos
13877,Lost in Space,1998,neg
13878,How Stella Got Her Groove Back,1998,pos
13879,Polish Wedding,1998,pos
1388,Mediterraneo,1991,pos
13882,High Art,1998,pos
13883,Mask of Zorro The,1998,pos
13884,Return to Paradise,1998,pos
13885,Soldiers Daughter Never Cries A,1998,pos
13886,Without Limits,1998,pos
13887,Governess The,1998,pos
13888,Snake Eyes,1998,neg
13889,Chicago Cab,1998,pos
13890,Blade Squad,1998,neg
13891,Billys Hollywood Screen Kiss,1998,pos
13892,Mask of Zorro The,1998,pos
13893,Return to Paradise,1998,pos
13894,Your Friends & Neighbors,1998,pos
13895,Dance with Me,1998,pos
13896,Dance with Me,1998,pos
13898,Snake Eyes,1998,pos
13899,Spanish Prisoner The,1997,pos
13900,Sullivans The,1944,pos
13901,Gong pu II,1995,pos
13902,Avengers The,1998,neg
13904,Opposite of Sex The,1998,pos
13907,Snake Eyes,1998,pos
13908,Avengers The,1998,neg
13909,Fear and Loathing in Las Vegas,1998,pos
1391,Sister Act,1992,pos
13910,Nil by Mouth,1997,pos
13911,Last Days of Disco The,1998,pos
13912,Mrs. Miniver,1942,pos
13913,Air Bud,1997,pos
13914,Casablanca,1942,pos
13915,Avengers The,1998,neg
13916,Unmade Beds,1997,pos
13919,Few Good Men A,1992,pos
1392,Playboys The,1992,pos
13920,Saving Private Ryan,1998,pos
13922,Your Friends & Neighbors,1998,pos
13923,Men in Black,1997,pos
13924,Negotiator The,1998,pos
13925,Halloween H20: Twenty Years Later,1998,pos
13926,Avengers The,1998,pos
13927,Amistad,1997,pos
13929,Saving Private Ryan,1998,pos
1393,Sur la terre comme au ciel,1992,pos
13930,How Stella Got Her Groove Back,1998,pos
13932,Vor,1997,pos
13934,2001: A Space Odyssey,1968,pos
13935,Missing,1982,pos
13937,Next Stop Wonderland,1998,pos
13938,Snake Eyes,1998,pos
13939,Avengers The,1998,neg
1394,Patriot Games,1992,pos
13943,Avengers The,1998,pos
13944,Saving Grace,null,pos
13945,Sphere,1998,pos
13946,Avengers The,1998,neg
13948,Avengers The,1998,pos
13949,Habit,1997,pos
1395,Patriot Games,1992,pos
13951,Footloose,1984,pos
13952,Boxer The,1997,pos
13953,Snake Eyes,1998,pos
13955,Parent Trap The,1998,pos
13956,Fiorile,1993,pos
13957,Corsa dellinnocente La,1992,pos
13958,Four Weddings and a Funeral,1994,pos
13959,Breed Apart A,1984,pos
1396,Patriot Games,1992,pos
13960,Gas Food Lodging,1992,pos
13961,Negotiator The,1998,pos
13962,Proposition The,1998,pos
13963,Dance with a Stranger,1985,neg
13964,Return to Paradise,1998,pos
13965,Mask of Zorro The,1998,pos
13966,Saving Private Ryan,1998,pos
13967,Jane Austens Mafia!,1998,pos
13968,Pi,1998,pos
13969,Gazon maudit,1995,pos
1397,Patriot Games,1992,pos
13970,Avengers The,1998,pos
13971,Avengers The,1998,neg
13972,Detective Story,1951,pos
13973,Operation Crossbow,1965,pos
13974,Blade,1998,pos
13975,Without Limits,1998,pos
1398,Far and Away,1992,pos
13982,Lethal Weapon 4,1998,pos
13983,Saving Private Ryan,1998,pos
13984,Parent Trap The,1998,pos
13985,Theres Something About Mary,1998,pos
13986,Halloween: The Curse of Michael Myers,1995,pos
13987,Pi,1998,pos
13988,Avengers The,1998,neg
1399,Shadows and Fog,1992,pos
13990,Return to Paradise,1998,pos
13991,Robin and Marian,1976,pos
13992,Little Romance A,1979,pos
13997,Lethal Weapon 4,1998,pos
13998,Armageddon,1998,pos
13999,I Went Down,1997,pos
14000,Opposite of Sex The,1998,pos
14001,Right to Remain Silent The,1996,pos
14002,Cousin Bette,1998,pos
14003,Pi,1998,pos
14004,Governess The,1998,pos
14005,Avengers The,1998,neg
14006,Dead Man on Campus,1998,neg
14007,Slums of Beverly Hills,1998,pos
14008,Dance with Me,1998,pos
14009,Avengers The,1998,neg
1401,Split Second,1992,neg
14010,Smoke Signals,1998,pos
14011,Armageddon,1998,pos
14012,Blade,1998,pos
14013,Dance with Me,1998,pos
14014,Out of Sight,1998,pos
14015,Gingerbread Man The,1998,pos
14017,Your Friends & Neighbors,1998,pos
14018,Avengers The,1998,neg
14019,Buffalo 66,1998,pos
14020,Godfather The,1972,pos
14021,Cube,1997,pos
14022,Gods and Monsters,1998,pos
14023,Snake Eyes,1998,pos
14024,Jurk De,1996,pos
14025,Nowhere,1997,pos
14026,Rounders,1998,pos
14027,Elmer Gantry,1960,pos
14028,Blade,1998,pos
1403,Far and Away,1992,pos
14030,Return to Paradise,1998,pos
14031,Negotiator The,1998,pos
14033,Smoke Signals,1998,pos
14034,UHF,1989,pos
14035,Dance with Me,1998,pos
14036,Why Do Fools Fall In Love,1998,pos
14037,Blade,1998,pos
14038,Wrongfully Accused,1998,pos
14039,Wrongfully Accused,1998,neg
1404,HouseSitter,1992,pos
14040,X Files The,1998,pos
14041,In the Mood,1987,pos
14042,Sphere,1998,neg
14043,Dance with Me,1998,pos
14044,Doctor Dolittle,1998,neg
14045,Psycho III,1986,pos
14047,Wrongfully Accused,1998,pos
14049,High Art,1998,pos
1405,Adjuster The,1991,pos
14050,Firelight,1997,pos
14051,Regeneration,1997,pos
14052,Your Friends & Neighbors,1998,pos
14053,Ever After,1998,pos
14054,Air Bud: Golden Receiver,1998,pos
14055,Ethan Frome,1993,pos
14059,Avengers The,1998,pos
1406,Womans Tale A,1991,pos
14060,Blade,1998,pos
14061,Four Musketeers The,1974,pos
14062,Naked Spur The,1953,pos
14063,Ever After,1998,pos
14064,Robocop,1994,pos
14067,Blade,1998,pos
14068,Clay Pigeons,1998,pos
1407,Europa,1991,pos
14070,Blade,1998,pos
14072,Blade,1998,pos
14073,Your Friends & Neighbors,1998,pos
14075,Stolen Hours,1963,pos
14076,Next Stop Wonderland,1998,pos
14077,Governess The,1998,pos
14078,Return to Paradise,1998,pos
14079,Blade,1998,pos
1408,Leaving Normal,1992,pos
14080,Spartacus,1960,pos
14081,Why Do Fools Fall In Love,1998,pos
14082,Beautiful Girls,1996,pos
14083,Heartbreak Kid The,1972,pos
14084,Mask of Zorro The,1998,pos
14085,Life During Wartime,1997,pos
14087,Theres Something About Mary,1998,pos
14088,Army of Darkness,1993,pos
14089,Blade,1998,pos
1409,Delicatessen,1991,pos
14092,Femme de chambre du Titanic La,1997,pos
14093,Theres Something About Mary,1998,pos
14095,Dead Man on Campus,1998,pos
14097,54,1998,pos
14098,My Left Foot,1989,pos
1410,Batman Returns,1992,pos
14100,54,1998,pos
14101,Next Stop Wonderland,1998,pos
14102,Wrongfully Accused,1998,neg
14103,Shadrach,1998,pos
14104,Impostors The,1998,pos
14105,Slums of Beverly Hills,1998,pos
14106,Why Do Fools Fall In Love,1998,pos
14107,Apocalypse Now,1979,pos
14108,54,1998,neg
14109,Why Do Fools Fall In Love,1998,pos
1411,Batman Returns,1992,pos
14110,Lets Talk About Sex,1998,pos
14111,Saving Private Ryan,1998,pos
14113,In the Heat of the Night,1967,pos
14114,Blade,1998,pos
14115,Saving Private Ryan,1998,pos
14116,2001: A Space Odyssey,1968,pos
14118,Dead Man on Campus,1998,neg
14119,54,1998,pos
1412,Batman Returns,1992,pos
14120,Dead Man on Campus,1998,pos
14121,Dance with Me,1998,pos
14122,54,1998,pos
14123,You Never Can Tell,1951,pos
14124,Your Friends & Neighbors,1998,pos
14125,Blade,1998,pos
14126,54,1998,pos
14127,Return to Paradise,1998,pos
14128,Apollo 13,1995,pos
14129,54,1998,pos
1413,Batman Returns,1992,pos
14130,Blade,1998,neg
14133,Shes So Lovely,1997,pos
14135,54,1998,neg
14137,Yi ge zi tou de dan sheng,1997,pos
14138,X Files The,1998,pos
14139,Sliding Doors,1998,pos
1414,Batman Returns,1992,pos
14140,Return to Paradise,1998,pos
14142,Why Do Fools Fall In Love,1998,pos
14143,54,1998,pos
14146,54,1998,pos
14147,Saving Private Ryan,1998,pos
14148,Family Name,1997,pos
14149,Governess The,1998,pos
1415,Night on Earth,1991,pos
14150,Return to Paradise,1998,pos
14151,Without Limits,1998,pos
14152,Armageddon,1998,pos
14153,Armageddon,1998,pos
14155,Simon Birch,1998,pos
14157,Full Tilt Boogie,1997,pos
14158,How Stella Got Her Groove Back,1998,pos
14159,Pi,1998,pos
1416,Daughters of the Dust,1991,pos
14160,Return to Paradise,1998,pos
14161,Air Bud: Golden Receiver,1998,neg
14162,Snake Eyes,1998,pos
14163,Ever After,1998,pos
14164,Dance with Me,1998,pos
14165,Dead Man on Campus,1998,neg
14166,Wrongfully Accused,1998,neg
14167,54,1998,neg
14168,Your Friends & Neighbors,1998,pos
14169,Blade,1998,pos
1417,Hangin with the Homeboys,1991,pos
14170,Avengers The,1998,pos
14171,Local Hero,1983,pos
14172,Paths of Glory,1957,pos
14173,Shine,1996,pos
14174,Armageddon,1998,neg
14176,Next Stop Wonderland,1998,pos
14177,Snake Eyes,1998,pos
14178,They Live,1988,pos
14179,Brain That Wouldnt Die The,1962,neg
1418,Highway 61,1991,pos
14180,Snake Eyes,1998,pos
14181,Saludos Amigos,1943,pos
14182,Some Like It Hot,1959,pos
14183,Riget II,1997,pos
14184,Butcher Boy The,1997,pos
14185,Perfect Blue,null,pos
14186,Expert The,1994,pos
14187,Simon Birch,1998,pos
14188,Saving Private Ryan,1998,pos
14189,Hunchback of Notre Dame The,1939,pos
1419,Highway 61,1991,neg
14190,Why Do Fools Fall In Love,1998,pos
14191,54,1998,neg
14192,Snitch,1998,pos
14193,Blood Guts Bullets and Octane,1998,pos
14194,Funny Games,1997,pos
14195,Twilight of the Ice Nymphs,1997,pos
14196,Armageddon,1998,neg
14197,First Love Last Rites,1997,pos
14198,Blade,1998,pos
14199,Touch of Evil,1958,pos
1420,Daughters of the Dust,1991,pos
14200,Detroit 9000,1973,pos
14201,Stranger Than Paradise,1984,pos
14204,54,1998,pos
14205,Heart of Darkness,1994,pos
14206,Germinal,1993,pos
14207,Geronimo,1993,pos
14208,Ginger e Fred,1986,pos
14209,Glengarry Glen Ross,1992,pos
1421,Mediterraneo,1991,pos
14210,King Lear,1987,pos
14211,Gothic,1986,pos
14212,Green Card,1990,pos
14213,Haut bas fragile,1995,pos
14214,Batman & Robin,1997,neg
14216,Gunga Din,1939,pos
14219,Simon Birch,1998,pos
1422,All the Vermeers in New York,1990,pos
14220,Simon Birch,1998,pos
14222,Your Friends & Neighbors,1998,pos
14223,Firelight,1997,pos
14224,Blade,1998,pos
14225,Batman & Robin,1997,neg
14226,Air Bud: Golden Receiver,1998,pos
14227,Knock Off,1998,neg
14229,Snake Eyes,1998,pos
1423,Spotswood,1991,pos
14230,Theres Something About Mary,1998,pos
14232,Mask of Zorro The,1998,pos
14233,Saving Private Ryan,1998,pos
14234,Truman Show The,1998,pos
14235,Knock Off,1998,neg
14236,Snake Eyes,1998,neg
14238,Star Wars,1977,pos
14239,Titanic,1997,pos
1424,My Own Private Idaho,1991,pos
14241,Rounders,1998,pos
14242,Pi,1998,pos
14243,Rounders,1998,pos
14244,Simon Birch,1998,pos
14245,Knock Off,1998,neg
14246,Next Stop Wonderland,1998,pos
14247,Night at the Opera A,1935,pos
14248,Love Letters,1945,pos
14249,Top Hat,1935,pos
14250,Within the Rock,1996,pos
14252,Your Friends & Neighbors,1998,pos
14253,Next Stop Wonderland,1998,pos
14259,Draughtsmans Contract The,1982,pos
1426,League of Their Own A,1992,pos
14261,Slums of Beverly Hills,1998,pos
14262,Your Friends & Neighbors,1998,pos
14263,Knock Off,1998,neg
14264,Untouchables The,1987,pos
14265,Day at the Races A,1937,pos
14268,Return to Paradise,1998,pos
14269,Saving Private Ryan,1998,pos
1427,League of Their Own A,1992,pos
14274,Ben-Hur,1959,pos
14276,Man Who Fell to Earth The,1976,pos
14278,Pecker,1998,pos
14279,Knock Off,1998,neg
1428,Waxwork II: Lost in Time,1992,pos
14281,Hope Floats,1998,pos
14282,Force of Evil,1948,pos
14283,Governess The,1998,pos
14285,Lets Talk About Sex,1998,neg
14286,Hit Me,1996,pos
14287,Slums of Beverly Hills,1998,pos
14288,Lolita,1997,pos
14289,Without Limits,1998,pos
1429,Robot Ninja,1990,neg
14290,Theres Something About Mary,1998,pos
14291,Cop Land,1997,pos
14292,Hope Floats,1998,pos
14293,Mulan,1998,pos
14294,Simon Birch,1998,pos
14295,Governess The,1998,pos
14296,Whatever,1998,pos
14297,Dirty Work,1998,neg
14298,Out of Sight,1998,pos
14299,Knock Off,1998,neg
1430,Cool World,1992,pos
14300,Rounders,1998,pos
14301,I Know What You Did Last Summer,1997,neg
14302,Star Trek: The Motion Picture,1979,pos
14303,Buffy the Vampire Slayer,1992,pos
14304,Conversation The,1974,neg
14305,Rounders,1998,pos
14306,One True Thing,1998,pos
14307,Birth of a Nation The,1915,pos
14308,One True Thing,1998,pos
1431,Cool World,1992,pos
14310,Six-String Samurai,1998,pos
14313,Paper The,1994,pos
14314,Red Corner,1997,pos
14315,Rounders,1998,pos
14316,Romancing the Stone,1984,pos
14317,Your Friends & Neighbors,1998,pos
14318,Rounders,1998,pos
14319,Karakter,1997,pos
1432,Cool World,1992,pos
14320,Rounders,1998,pos
14321,In the Name of the Father,1993,pos
14322,Little Women,1933,pos
14323,Saving Private Ryan,1998,pos
14324,Gone with the Wind,1939,pos
14326,Smoke Signals,1998,pos
14328,General The,1998,pos
14329,Saving Private Ryan,1998,pos
1433,Cool World,1992,pos
14330,Jane Austens Mafia!,1998,pos
14331,Avengers The,1998,pos
14332,How Stella Got Her Groove Back,1998,pos
14333,Armageddon,1998,pos
14334,Buffalo 66,1998,pos
14336,Rounders,1998,pos
14338,Fear and Loathing in Las Vegas,1998,pos
14339,Rush Hour,1998,pos
1434,Universal Soldier,1992,pos
14340,Terminator The,1984,pos
14341,Simon Birch,1998,pos
14343,One True Thing,1998,pos
14344,Hearts of Darkness: A Filmmakers Apocalypse,1991,pos
14345,Henry & June,1990,pos
14347,Tacones lejanos,1991,pos
14348,De eso no se habla,1993,pos
14349,Ikiru,1952,pos
1435,Universal Soldier,1992,pos
14350,Postino Il,1994,pos
14351,Immortal Beloved,1994,pos
14352,Rounders,1998,pos
14354,Prophecy The,1995,pos
14355,Bad Moon,1996,pos
14356,Magic In the Mirror,1996,pos
14357,Magic in the Mirror: Fowl Play,1996,pos
14358,One True Thing,1998,pos
14359,Sergeant York,1941,pos
1436,Wong Fei-hung ji yi: Naam yi dong ji keung,1992,pos
14360,Billys Hollywood Screen Kiss,1998,pos
14363,Ronin,1998,pos
14364,Rounders,1998,pos
14365,Keep the Aspidistra Flying,1997,pos
14368,Rounders,1998,pos
14369,Singin in the Rain,1952,pos
1437,Prelude to a Kiss,1992,pos
14370,Simon Birch,1998,pos
14371,Urban Legend,1998,pos
14372,Rush Hour,1998,pos
14376,One True Thing,1998,pos
14377,Rounders,1998,pos
14379,Pecker,1998,pos
1438,Pinocchio,1940,pos
14380,Permanent Midnight,1998,neg
14382,Rounders,1998,pos
14383,West Side Story,1961,pos
14384,Rush Hour,1998,pos
14385,Rush Hour,1998,pos
14386,One True Thing,1998,pos
14388,Return to Paradise,1998,pos
1439,Stranger Among Us A,1992,pos
14390,Rounders,1998,pos
14391,Good Will Hunting,1997,pos
14393,Simon Birch,1998,pos
14394,Rush Hour,1998,pos
14395,Simon Birch,1998,pos
14396,Next Stop Wonderland,1998,pos
14397,Permanent Midnight,1998,pos
14398,Pi,1998,pos
14399,Rush Hour,1998,pos
1440,Mediterraneo,1991,pos
14400,One True Thing,1998,pos
14401,Simon Birch,1998,pos
14402,Rush Hour,1998,pos
14403,Slums of Beverly Hills,1998,pos
14404,Buffalo 66,1998,pos
14405,Next Stop Wonderland,1998,pos
14406,Permanent Midnight,1998,pos
14407,Why Do Fools Fall In Love,1998,pos
14408,Simon Birch,1998,pos
14409,Knock Off,1998,neg
1441,Cool World,1992,pos
14410,Rounders,1998,pos
14411,Rush Hour,1998,pos
14412,One True Thing,1998,pos
14413,Your Friends & Neighbors,1998,pos
14414,Rush Hour,1998,pos
14415,My Name Is Joe,1998,pos
14417,Rush Hour,1998,pos
14418,Boxing Helena,1993,neg
14419,Sphere,1998,pos
1442,HouseSitter,1992,pos
14420,Blade,1998,pos
14421,Ronin,1998,pos
14422,Rocky Horror Picture Show The,1975,pos
14423,Gone with the Wind,1939,pos
14424,Pecker,1998,pos
14425,Rush Hour,1998,pos
14426,Rush Hour,1998,pos
14428,Intervista,1987,pos
14429,Indochine,1992,pos
1443,Honey I Blew Up the Kid,1992,pos
14432,Impromptu,1991,pos
14433,Jean de Florette,1986,pos
14434,Simon Birch,1998,pos
14435,Tootsie,1982,pos
14436,Rush Hour,1998,pos
14437,Dogme 1 - Festen,1998,pos
14438,Rounders,1998,pos
14439,Permanent Midnight,1998,pos
1444,Tetsuo,1988,neg
14440,Antz,1998,pos
1445,Cool World,1992,pos
14453,Urban Legend,1998,neg
14455,Hamam,1997,pos
14457,Urban Legend,1998,neg
14458,Pecker,1998,pos
1446,Universal Soldier,1992,pos
14460,Parent Trap The,1998,pos
14461,Armageddon,1998,pos
14462,Dark City,1998,pos
14463,Seul contre tous,1998,pos
14464,One True Thing,1998,pos
14465,It Happened Here,1966,pos
14466,Rounders,1998,pos
14467,Impostors The,1998,neg
14468,What Dreams May Come,1998,pos
14469,Keep the Aspidistra Flying,1997,pos
1447,Last Exit to Brooklyn,1989,pos
14470,Out of Sight,1998,pos
14471,Soldiers Daughter Never Cries A,1998,pos
14472,Shuang long hui,1992,pos
14474,Return to Paradise,1998,pos
14475,Permanent Midnight,1998,pos
14476,One True Thing,1998,pos
14477,Demoiselles de Rochefort Les,1967,pos
1448,Naked Lunch,1991,pos
14481,Whatever,1998,pos
14482,Permanent Midnight,1998,pos
14483,Antz,1998,pos
14484,Urban Legend,1998,neg
14485,Cube,1997,pos
14486,Clay Pigeons,1998,pos
14487,Graduate The,1967,pos
14488,Reise der Hoffnung,1990,pos
14489,Johnny Stecchino,1991,pos
1449,Mississippi Masala,1991,pos
14490,Kaspar Hauser,1993,pos
14491,Kafka,1991,pos
14492,Ju Dou,1990,pos
14493,Journey to Spirit Island,1988,pos
14494,Knockin On Heavens Door,1997,pos
14495,Journey of Honor,1992,pos
14496,Kika,1993,pos
14497,Kagemusha,1980,pos
14499,Femme de chambre du Titanic La,1997,pos
14504,Ronin,1998,pos
14505,Touch of Evil,1958,pos
14506,Frog and Wombat,1998,pos
14507,Keep the Aspidistra Flying,1997,pos
14508,Rush Hour,1998,pos
14509,Pecker,1998,pos
1451,Stranger Among Us A,1992,pos
14510,One True Thing,1998,pos
14511,Permanent Midnight,1998,pos
14512,Urban Legend,1998,neg
14513,Impostors The,1998,neg
14514,Soldiers Daughter Never Cries A,1998,pos
14516,Night at the Roxbury A,1998,neg
14518,Blade,1998,pos
14519,Rocky,1976,pos
1452,Prelude to a Kiss,1992,pos
14521,Out of the Past,1998,pos
14522,Urban Legend,1998,neg
14523,Jackal The,1997,pos
14524,Runaway Train,1985,pos
14525,Rush Hour,1998,pos
14527,Simon Birch,1998,pos
14528,Ronin,1998,pos
1453,Rebro Adama,1990,pos
14530,General The,1927,pos
14531,Khrustalyov mashinu!,1998,pos
14532,Blade,1998,pos
14533,Ronin,1998,neg
14534,Raging Bull,1980,pos
14535,Red River,1948,pos
14536,High Art,1998,pos
14537,Governess The,1998,pos
14539,Pagemaster The,1994,pos
1454,Shu shan,1983,pos
14540,Silent Fall,1994,neg
14541,Happy Gilmore,1996,pos
14542,Needful Things,1993,pos
14543,Hudsucker Proxy The,1994,pos
14544,Without Limits,1998,pos
14546,Sweet Hereafter The,1997,pos
14548,Necronomicon,1994,pos
14549,Siebtelbauern Die,1998,pos
1455,Stranger Among Us A,1992,pos
14550,Sneakers,1992,pos
14551,River Red,1998,pos
14552,Urban Legend,1998,pos
14553,Ronin,1998,pos
14554,Rush Hour,1998,pos
14557,Lolita,1997,pos
14559,Antz,1998,pos
1456,Universal Soldier,1992,neg
14560,House of Yes The,1997,pos
14561,Ronin,1998,pos
14566,Governess The,1998,pos
14568,Urban Legend,1998,neg
1457,Ah-Ying,1992,pos
14573,Urban Legend,1998,pos
14574,Night at the Roxbury A,1998,pos
14575,Hands on a Hardbody: The Documentary,1998,pos
14577,What Dreams May Come,1998,pos
14578,Mighty The,1998,pos
14579,Waking Ned Devine,1998,pos
1458,Revenge of the Nerds III: The Next Generation,1992,neg
14582,Pecker,1998,pos
14583,Ran,1985,pos
14584,Little Voice,1998,pos
14589,Wilby Conspiracy The,1975,pos
1459,Mo Money,1992,pos
14591,Good Will Hunting,1997,pos
14596,Permanent Midnight,1998,pos
14597,Searchers The,1956,pos
14598,Jazz Singer The,1927,pos
14599,Knock Off,1998,neg
1460,Mom and Dad Save the World,1992,pos
14602,Antz,1998,pos
14603,What Dreams May Come,1998,pos
14608,First Love Last Rites,1997,pos
14609,One True Thing,1998,pos
1461,Heathers,1989,neg
14610,Touch of Evil,1958,pos
14612,Blade Runner,1982,pos
14615,Judge and Jury,1996,pos
14616,Halloween: The Curse of Michael Myers,1995,pos
14617,Fisher King The,1991,pos
14618,Kalifornia,1993,pos
14619,What Dreams May Come,1998,pos
1462,Cool World,1992,pos
14620,Permanent Midnight,1998,neg
14623,Rounders,1998,pos
14625,O.S.S.,1946,pos
14626,Impostors The,1998,pos
14628,Urban Legend,1998,neg
14629,Mighty The,1998,pos
1463,Death Becomes Her,1992,pos
14630,Permanent Midnight,1998,neg
14632,Holy Man,1998,pos
14634,Slam,1998,pos
14636,Night at the Roxbury A,1998,neg
14637,What Dreams May Come,1998,pos
14638,Impostors The,1998,pos
14639,Seul contre tous,1998,pos
1464,Buffy the Vampire Slayer,1992,pos
14640,Rush Hour,1998,pos
14641,Happiness,1998,pos
14644,Primary Colors,1998,pos
14647,Rio do Ouro O,1998,pos
14648,Antz,1998,pos
14649,Bite the Bullet,1975,pos
1465,Buffy the Vampire Slayer,1992,neg
14650,Duoluo tianshi,1995,pos
14651,Annie Hall,1977,pos
14653,Love Is the Devil,1998,pos
14655,Starship Troopers,1997,pos
14656,Babylon 5: Thirdspace,1998,pos
14657,Thing The,1982,pos
14658,Rushmore,1998,pos
14659,What Dreams May Come,1998,pos
1466,Buffy the Vampire Slayer,1992,neg
14660,Kids,1995,neg
14661,What Dreams May Come,1998,pos
14664,Impostors The,1998,pos
14665,Beloved,1998,pos
14666,Waking Ned Devine,1998,pos
14667,Holy Man,1998,neg
14668,Reach the Rock,1998,neg
14669,Holy Man,1998,pos
1467,Attack of the Killer Tomatoes!,1978,neg
14670,Apt Pupil,1998,pos
14671,Jurassic Park,1993,pos
14673,I Married a Strange Person!,1997,pos
14676,Lost in Space,1998,neg
14677,Apt Pupil,1998,pos
14678,Dong,1998,neg
1468,Return of the Killer Tomatoes!,1988,pos
14684,Second Best,1994,pos
14686,Gycklarnas afton,1953,pos
14687,Mighty The,1998,pos
1469,Killer Tomatoes Strike Back,1990,neg
14690,Orphans,1997,pos
14691,What Dreams May Come,1998,pos
14692,Philadelphia Story The,1940,pos
14693,Rush Hour,1998,pos
14694,Pleasantville,1998,pos
14695,Second Best,1994,pos
14696,Elizabeth,1998,pos
14697,Tree Grows in Brooklyn A,1945,pos
1470,Daughters of the Dust,1991,pos
1471,Pinocchio,1940,pos
14711,Urban Legend,1998,pos
14712,Antz,1998,pos
14713,Lets Talk About Sex,1998,neg
14714,Clay Pigeons,1998,pos
14715,Shadrach,1998,pos
14716,Ronin,1998,pos
14717,Pecker,1998,pos
14718,Soldiers Daughter Never Cries A,1998,pos
14719,Firelight,1997,pos
1472,Death Becomes Her,1992,pos
14720,Night at the Roxbury A,1998,neg
14721,Impostors The,1998,pos
14724,Dark City,1998,neg
14726,Kundun,1997,pos
14727,Full Monty The,1997,pos
14728,Deliverance,1972,pos
14729,Your Friends & Neighbors,1998,pos
1473,Antonia and Jane,1991,pos
14732,Deathline,1997,pos
14733,Demolitionist The,1995,pos
14734,Leprechaun 3,1995,pos
14735,Eighteenth Angel The,1997,pos
14736,Whispers in the Dark,1992,pos
14737,Mulan,1998,pos
14738,Trancers II,1991,pos
14739,Ronin,1998,pos
1474,Enchanted April,1992,pos
14740,Antz,1998,pos
14741,Beloved,1998,pos
14742,Holy Man,1998,pos
14743,One Tough Cop,1998,neg
14744,Pleasantville,1998,pos
14745,23,1998,pos
14746,Wandafuru raifu,1998,pos
14747,Antz,1998,pos
14748,Shigatsu monogatari,1998,pos
14749,Another Day in Paradise,1998,pos
1475,Buffy the Vampire Slayer,1992,pos
14750,Apt Pupil,1998,pos
14751,At Sachem Farm,1998,pos
14752,Cascadeur,1998,pos
14754,Clay Pigeons,1998,pos
14755,Kyua,1997,pos
14756,Dancing at Lughnasa,1998,pos
14757,Cruise The,null,pos
14758,Elizabeth,1998,pos
14759,Finding Graceland,1998,pos
1476,Mom and Dad Save the World,1992,pos
14760,Extraordinary Visitor,1998,neg
14761,Hai shang hua,1998,pos
14762,Dog Park,1998,pos
14763,Meschugge,1998,pos
14764,Den polnoluniya,1998,pos
14765,God Said Ha!,1998,pos
14766,Home Fries,1998,pos
14767,Dong,1998,neg
14768,I Woke Up Early the Day I Died,1998,pos
14769,In the Winter Dark,1998,pos
1477,Antonia and Jane,1991,pos
14770,Impostors The,1998,pos
14771,Ikinai,1998,pos
14773,Jerry & Tom,1998,pos
14774,Last Night,1998,pos
14776,Jaimerais pas crever un dimanche,1998,neg
14777,Hsing hsing wang,1977,neg
14778,Night Train,1998,pos
14779,Pleasantville,1998,pos
1478,Unforgiven,1992,pos
14780,Perdita Durango,1997,pos
14781,Twice Upon a Yesterday,1998,pos
14782,Shattered Image,1998,pos
14783,Six-String Samurai,1998,pos
14785,Smoke Signals,1998,pos
14786,Tale of Sweety Barrett The,1998,pos
14787,This Is My Father,null,pos
14789,Rushmore,1998,pos
1479,Unforgiven,1992,pos
14790,Trance,null,neg
14791,Very Bad Things,1998,neg
14792,Rajio no jikan,1997,neg
14793,What Dreams May Come,1998,pos
14794,Gaslight,1944,pos
14795,Holy Man,1998,pos
14797,Long Way Home The,1998,pos
14798,Night at the Roxbury A,1998,neg
14799,Holy Man,1998,neg
1480,Unforgiven,1992,pos
14800,Breakheart Pass,1975,pos
14801,Judge and Jury,1996,pos
14802,Halloween: The Curse of Michael Myers,1995,pos
14804,Sands of Iwo Jima,1949,pos
14808,Close Encounters of the Third Kind,1977,pos
14809,Beloved,1998,pos
1481,Raising Cain,1992,pos
14811,Savior,1998,pos
14812,Practical Magic,1998,pos
14814,Antz,1998,pos
14815,Snitch,1998,pos
14816,Happiness,1998,pos
1482,Raising Cain,1992,neg
14825,Holy Man,1998,neg
14826,Clay Pigeons,1998,pos
14827,Blade,1998,pos
14828,Hope Floats,1998,pos
14829,Velvet Goldmine,1998,pos
1483,Raising Cain,1992,pos
14830,Buffalo 66,1998,pos
14831,Hsiao chuan yi chao,1979,pos
14832,Happiness,1998,pos
14833,Little Princess The,1939,pos
14834,Slam,1998,pos
14835,Avengers The,1998,neg
14836,Rush Hour,1998,neg
14837,Antz,1998,pos
14838,What Dreams May Come,1998,pos
14839,Happiness,1998,pos
1484,Death Becomes Her,1992,pos
14840,Dark City,1998,pos
14842,Bai fa mo nu zhuan II,1993,pos
14843,Extraordinary Visitor,1998,pos
14846,Ai no borei,1978,pos
1485,Mari de la coiffeuse Le,1990,pos
14852,Practical Magic,1998,pos
14853,Pi,1998,pos
14854,Holy Man,1998,neg
14855,Theres Something About Mary,1998,pos
14856,Doctor Dolittle,1998,pos
14858,Pi,1998,pos
14859,Practical Magic,1998,pos
1486,Raising Cain,1992,pos
14861,Truman Show The,1998,pos
14863,Bande des quatre La,1988,pos
14864,Belle noiseuse La,1991,pos
14865,Leaving Las Vegas,1995,pos
14866,Ladyhawke,1985,pos
14868,Visiteurs Les,1993,pos
14869,Como agua para chocolate,1992,pos
1487,Buffy the Vampire Slayer,1992,pos
14870,Little Buddha,1993,pos
14871,Zusje,1996,pos
14872,Apt Pupil,1998,pos
14873,Slam,1998,pos
14874,Mighty The,1998,pos
14875,Practical Magic,1998,pos
14876,Beloved,1998,pos
14877,Your Friends & Neighbors,1998,pos
14878,Dune,1984,pos
1488,Single White Female,1992,pos
14880,Beloved,1998,pos
14881,Happiness,1998,pos
14882,Practical Magic,1998,pos
14883,American History X,1998,pos
14884,Pleasantville,1998,pos
14886,Elizabeth,1998,pos
14887,Holy Man,1998,neg
14888,Halloween H20: Twenty Years Later,1998,pos
14889,Mask of Zorro The,1998,pos
1489,Diggstown,1992,pos
14890,Urban Legend,1998,pos
1490,Unforgiven,1992,pos
14900,My Favorite Year,1982,pos
14901,La Bamba,1987,pos
14903,Warriors The,1979,pos
14905,Mad Max,1979,pos
14906,Antz,1998,pos
14907,Practical Magic,1998,pos
14908,Planet of the Apes,1968,pos
14909,What Dreams May Come,1998,pos
1491,Delicatessen,1991,neg
14910,Beloved,1998,pos
14911,Antz,1998,pos
14912,Beloved,1998,pos
14913,Beloved,1998,pos
14914,Bride of Chucky,1998,neg
14915,Happiness,1998,pos
14916,Pleasantville,1998,pos
14917,Happiness,1998,pos
14918,Antz,1998,pos
14919,Holy Man,1998,pos
1492,Meatballs 4,1992,neg
14920,Blechtrommel Die,1979,pos
14921,ffolkes,1980,pos
14922,Siddhartha,1973,pos
14923,Pleasantville,1998,pos
14926,Saving Private Ryan,1998,pos
14928,Slam,1998,pos
14929,Soldier,1998,pos
1493,Boomerang,1992,pos
14931,Practical Magic,1998,pos
14932,Untouchables The,1987,pos
14934,Buffalo 66,1998,neg
14935,Pleasantville,1998,pos
14936,What Dreams May Come,1998,pos
14938,Practical Magic,1998,pos
14939,Nothing to Lose,1997,pos
1494,Whore,1991,pos
14940,Apt Pupil,1998,pos
14941,Mighty The,1998,pos
14942,Ronin,1998,pos
14943,Night at the Roxbury A,1998,neg
14944,Holy Man,1998,neg
14945,Urban Legend,1998,pos
14947,Perfect Murder A,1998,pos
14948,Apt Pupil,1998,pos
14949,Soldier,1998,neg
1495,Wild Orchid,1990,pos
14952,Dogs of War The,1980,pos
14953,Soldier,1998,pos
14954,Beloved,1998,pos
14955,Vampires,1998,pos
14956,Siebtelbauern Die,1998,pos
14957,Apt Pupil,1998,pos
14958,Practical Magic,1998,pos
14959,Orgazmo,1997,pos
1496,Diggstown,1992,pos
14960,Alien,1979,pos
14961,Cimarron,1931,pos
14963,Bride of Chucky,1998,pos
14964,Bride of Chucky,1998,neg
14965,Vampires,1998,pos
14966,Orgazmo,1997,neg
14967,Soldier,1998,pos
14969,Tora! Tora! Tora!,1970,pos
1497,Goda viljan Den,1992,pos
14970,Pleasantville,1998,pos
14971,Dogme 1 - Festen,1998,pos
14973,Adams Rib,1949,pos
14974,Fly The,1986,pos
14975,Bride of Chucky,1998,pos
14976,Nightmare Before Christmas The,1993,pos
1498,Jing cha gu shi III: Chao ji jing cha,1992,pos
14988,Apt Pupil,1998,pos
1499,Rapid Fire,1992,neg
14991,Last Night,1998,pos
14992,Pleasantville,1998,pos
14994,Dr. Strangelove or: How I Learned to Stop Worrying and Love the Bomb,1964,pos
14997,Pleasantville,1998,pos
14998,Pleasantville,1998,pos
15001,Pleasantville,1998,pos
15002,Soldier,1998,neg
15003,Cruise The,null,pos
15004,Bride of Chucky,1998,neg
15005,Snitch,1998,pos
15006,Mighty The,1998,pos
15007,Star Wars,1977,pos
15008,Pleasantville,1998,pos
1501,Hear My Song,1991,pos
15011,Dogme 1 - Festen,1998,pos
15013,Pleasantville,1998,pos
15014,Dancing at Lughnasa,1998,pos
15016,Antz,1998,pos
15017,Orgazmo,1997,pos
15018,Thing The,1982,pos
1502,Bonnie & Clyde: The True Story,1992,pos
15020,Gods and Monsters,1998,pos
15022,Pleasantville,1998,pos
15023,Down in the Delta,1998,pos
15024,Beloved,1998,pos
15026,Happiness,1998,pos
1503,Raising Cain,1992,pos
15031,Soldier,1998,neg
15033,Freaks,1932,pos
15034,Beloved,1998,pos
15035,American History X,1998,pos
15036,Living Out Loud,1998,pos
15037,Pleasantville,1998,pos
15038,What Dreams May Come,1998,pos
15039,Empire Strikes Back The,1980,pos
1504,Wild Orchid II: Two Shades of Blue,1992,pos
15040,Vampires,1998,pos
15041,Siege The,1998,pos
15042,Vampires,1998,neg
15043,Apt Pupil,1998,pos
15046,Vampires,1998,pos
15047,Life During Wartime,1997,pos
15048,Soldier,1998,neg
1505,Braindead,1992,pos
15050,Living Out Loud,1998,pos
15051,Siege The,1998,pos
15052,Waking Ned Devine,1998,pos
15053,Orgazmo,1997,pos
15054,Practical Magic,1998,pos
15057,Pleasantville,1998,pos
15058,Incredibly Strange Creatures Who Stopped Living and Became Mixed-Up Zombies The,1963,pos
1506,Christopher Columbus: The Discovery,1992,pos
15060,Wizard of Oz The,1939,pos
15062,Taxi Driver,1976,pos
15063,Velvet Goldmine,1998,pos
15065,Vampires,1998,pos
1507,Hellraiser III: Hell on Earth,1992,neg
15072,Thing The,1982,pos
15073,Living Out Loud,1998,pos
15074,Vampires,1998,neg
15075,Texas Chain Saw Massacre The,1974,pos
15076,Pleasantville,1998,pos
15077,Wizard of Oz The,1939,pos
15078,Living Out Loud,1998,pos
15079,Siege The,1998,pos
1508,Pussbucket,1991,neg
15081,Vampires,1998,pos
15083,Free Enterprise,1998,pos
15084,Elizabeth,1998,pos
15086,Waterboy The,1998,pos
15087,Lion King II: Simbas Pride The,1998,pos
15088,Velvet Goldmine,1998,pos
15089,Pleasantville,1998,pos
1509,Twin Peaks: Fire Walk with Me,1992,pos
15090,Vampires,1998,pos
15091,Vampires,1998,neg
15096,Grapes of Wrath The,1940,pos
15098,Evita,1996,pos
15099,Perfect Murder A,1998,pos
1510,Player The,1992,pos
15101,Apt Pupil,1998,pos
15102,Bugs Life A,1998,pos
15103,Avengers The,1998,neg
15105,Face/Off,1997,pos
15106,I Still Know What You Did Last Summer,1998,pos
15107,Siege The,1998,pos
1511,Stay Tuned,1992,pos
15110,Waterboy The,1998,pos
15111,Soldier,1998,pos
15112,Pleasantville,1998,pos
15113,Siege The,1998,pos
15114,What Ever Happened to Baby Jane?,1962,pos
15115,Soldier,1998,pos
15116,Pleasantville,1998,pos
15117,Living Out Loud,1998,pos
1512,Twin Peaks: Fire Walk with Me,1992,pos
1513,Christopher Columbus: The Discovery,1992,pos
1514,Honeymoon in Vegas,1992,pos
15141,Waterboy The,1998,neg
15142,Celebrity,1998,pos
15146,Meet Joe Black,1998,pos
15147,Living Out Loud,1998,pos
15149,I Still Know What You Did Last Summer,1998,neg
1515,Twin Peaks: Fire Walk with Me,1992,neg
15150,Belly,1998,pos
15151,Velvet Goldmine,1998,pos
15152,Waterboy The,1998,neg
15153,Siege The,1998,pos
15154,My Fellow Americans,1996,pos
15155,Waterboy The,1998,pos
15156,Mighty The,1998,pos
15157,Meet Joe Black,1998,pos
15158,Velvet Goldmine,1998,pos
15159,Waterboy The,1998,pos
1516,Sneakers,1992,pos
15160,Belly,1998,pos
15161,Apartment The,1960,pos
15167,Pleasantville,1998,pos
15168,Beloved,1998,pos
1517,Sneakers,1992,pos
15170,Citizen Kane,1941,pos
15171,Vampires,1998,pos
15172,54,1998,pos
15173,Rounders,1998,pos
15174,Ronin,1998,pos
15175,Knock Off,1998,neg
15176,Apt Pupil,1998,pos
15177,Practical Magic,1998,pos
15178,Holy Man,1998,pos
15179,Rush Hour,1998,pos
1518,Sneakers,1992,pos
15180,Antz,1998,pos
15182,Waterboy The,1998,pos
15185,Siege The,1998,pos
15186,Face/Off,1997,pos
15188,Wag the Dog,1997,pos
15189,Deceiver,1997,pos
1519,Night on Earth,1991,pos
15190,Marius et Jeannette,1997,pos
15191,Living Out Loud,1998,pos
15192,Mighty The,1998,pos
15193,Shining The,1980,pos
15194,Slums of Beverly Hills,1998,pos
15195,Soldier,1998,pos
15196,Event Horizon,1997,pos
15197,Steel,1997,pos
15198,Frankenstein,1931,pos
15199,Aliens,1986,pos
1520,Single White Female,1992,pos
15200,Waterboy The,1998,neg
15205,I Still Know What You Did Last Summer,1998,neg
15206,Siege The,1998,pos
15207,American History X,1998,pos
15211,Grifters The,1990,pos
15212,Shattered Image,1998,pos
15214,Affliction,1997,pos
15215,Wild Man Blues,1998,pos
15216,Siege The,1998,pos
15217,Urban Legend,1998,neg
15218,Big Easy The,1987,pos
15219,Rush Hour,1998,pos
1522,Ski School,1991,neg
15220,I Still Know What You Did Last Summer,1998,neg
15221,Siege The,1998,pos
15222,Living Out Loud,1998,pos
15223,What Dreams May Come,1998,pos
15225,Living Out Loud,1998,pos
15226,Siege The,1998,pos
15227,Meet Joe Black,1998,pos
15228,Prince of Egypt The,1998,pos
15229,Unagi,1997,pos
1523,Where Angels Fear to Tread,1991,pos
15230,Soldier,1998,neg
15232,Siege The,1998,pos
15234,Meet Joe Black,1998,pos
15237,Home Fries,1998,pos
15238,Siege The,1998,pos
15239,What Dreams May Come,1998,pos
1524,Blade Runner,1982,pos
15241,Living Out Loud,1998,pos
15243,Last Temptation of Christ The,1988,pos
15244,Avengers The,1998,pos
15245,Impostors The,1998,pos
15246,Meet Joe Black,1998,pos
15247,Siege The,1998,pos
15249,Bad Day at Black Rock,1955,pos
1525,Blade Runner,1982,pos
15250,Waking Ned Devine,1998,pos
15251,Body Heat,1981,pos
15253,Siege The,1998,pos
15254,Ill Be Home for Christmas,1998,pos
15255,I Still Know What You Did Last Summer,1998,neg
15257,I Still Know What You Did Last Summer,1998,neg
15258,Some Like It Hot,1959,pos
15259,Thrill Killers The,1964,neg
1526,Panama Deception The,1992,pos
15260,Gods and Monsters,1998,pos
15261,Celebrity,1998,pos
15262,Yeshou xingjing,1998,pos
15264,Meet Joe Black,1998,pos
15265,Soldier,1998,neg
15268,Celebrity,1998,pos
15269,I Still Know What You Did Last Summer,1998,neg
1527,Enchanted April,1992,pos
15270,Ill Be Home for Christmas,1998,pos
15271,Elizabeth,1998,pos
15272,American History X,1998,pos
15273,I Still Know What You Did Last Summer,1998,neg
15275,I Still Know What You Did Last Summer,1998,neg
15276,What Dreams May Come,1998,neg
15277,Caligula,1980,neg
15278,Strada La,1954,pos
15279,Childs Play,1988,pos
1528,Honeymoon in Vegas,1992,pos
15282,Ill Be Home for Christmas,1998,pos
15286,I Still Know What You Did Last Summer,1998,neg
15288,Waterboy The,1998,pos
15292,Elizabeth,1998,pos
15293,Gods and Monsters,1998,pos
15295,Bugs Life A,1998,pos
15296,Hurlyburly,1998,pos
15298,Pleasantville,1998,pos
1530,Haunting of Morella The,1990,pos
15300,American History X,1998,pos
15301,To Kill a Mockingbird,1962,pos
15303,Little Shop of Horrors,1986,pos
15305,Anniversary The,1968,pos
15306,Monolith Monsters The,1957,pos
15307,Hollywood Rated R,1997,pos
15308,Redboy 13,1997,pos
15309,Music From Another Room,1998,pos
1531,Stay Tuned,1992,pos
15310,Meet Joe Black,1998,pos
15311,Meet Joe Black,1998,pos
15313,Snake Eyes,1998,pos
15315,Siege The,1998,pos
15316,Home Fries,1998,pos
15317,Ghostbusters,1984,pos
15318,Marido perfecto El,1992,pos
1532,Linguini Incident The,1991,pos
15321,Another Day in Paradise,1998,pos
15323,Enemy of the State,1998,pos
15324,Rugrats Movie The,1998,pos
1533,Sneakers,1992,pos
15338,Doctor Zhivago,1965,pos
15339,Enemy of the State,1998,pos
1534,Night on Earth,1991,pos
15340,Elizabeth,1998,pos
15341,Elizabeth,1998,pos
15342,Enemy of the State,1998,pos
15343,Meet Joe Black,1998,pos
15344,Bugs Life A,1998,pos
15345,Rugrats Movie The,1998,pos
15346,Enemy of the State,1998,pos
1535,Husbands and Wives,1992,pos
15350,Rugrats Movie The,1998,pos
15353,Vampires,1998,pos
15354,Edward Scissorhands,1990,pos
15355,Hilary and Jackie,1998,pos
15356,Theres Something About Mary,1998,pos
15357,Enemy of the State,1998,pos
15358,Very Bad Things,1998,pos
15359,Very Bad Things,1998,pos
1536,Husbands and Wives,1992,pos
15364,I Still Know What You Did Last Summer,1998,neg
15365,Meet Joe Black,1998,pos
15366,Enemy of the State,1998,pos
15367,Meet Joe Black,1998,pos
15369,Celebrity,1998,pos
1537,Husbands and Wives,1992,pos
15370,Enemy of the State,1998,neg
15371,Simple Plan A,1998,pos
15372,Pleasantville,1998,pos
15373,Enemy of the State,1998,pos
15374,Celebrity,1998,pos
15375,Trio Das,1998,pos
15376,Bugs Life A,1998,pos
15377,Killers The,1964,pos
15378,Very Bad Things,1998,pos
15379,Enemy of the State,1998,pos
15380,Simple Plan A,1998,pos
15381,Bugs Life A,1998,pos
15382,Thursday,1998,pos
15383,Meet Joe Black,1998,pos
15385,Hi-Lo Country The,1998,pos
15386,Enemy of the State,1998,pos
15387,Brainstorm,1983,pos
1539,School Ties,1992,pos
15394,Babe: Pig in the City,1998,pos
15395,To Be or Not to Be,1942,pos
15396,Last Night,1998,pos
15397,Clay Pigeons,1998,pos
15398,Blade,1998,pos
15399,Six-String Samurai,1998,pos
1540,Wind,1992,pos
15400,Soldier,1998,pos
15401,Enemy of the State,1998,pos
15402,Home Fries,1998,pos
15406,Babe: Pig in the City,1998,pos
15407,Living Out Loud,1998,pos
15408,20 Dates,1998,pos
1541,Shadowzone,1990,pos
15410,Pecker,1998,pos
15411,Truman Show The,1998,pos
15412,Blade,1998,pos
15413,Fille seule La,1995,neg
15414,Enemy of the State,1998,pos
15415,American History X,1998,pos
15416,Enemy of the State,1998,pos
15418,Money Movers,1979,pos
15419,Mallrats,1995,pos
1542,Mr. Saturday Night,1992,pos
15420,Cruise The,null,pos
15421,American History X,1998,pos
15422,Home Fries,1998,pos
15424,Shakespeare in Love,1998,pos
15426,Very Bad Things,1998,neg
15427,Traveller,1997,pos
15429,Enemy of the State,1998,pos
1543,Honeymoon in Vegas,1992,pos
15430,Love & Human Remains,1993,pos
15431,Lorenzos Oil,1992,pos
15433,Historie milosne,1997,pos
15434,Amantes,1991,pos
15435,Meet Joe Black,1998,pos
15436,Manon des sources,1986,pos
15437,Map of the Human Heart,1992,pos
15438,Frankenstein,1994,pos
15439,Bewegte Mann Der,1994,pos
1544,Sneakers,1992,pos
15440,Mediterraneo,1991,pos
15443,Very Bad Things,1998,pos
15444,Waking Ned Devine,1998,pos
15445,Species II,1998,neg
15446,Bugs Life A,1998,pos
1545,Twin Peaks: Fire Walk with Me,1992,pos
15450,Kundun,1997,pos
15451,Babe: Pig in the City,1998,pos
15452,Cant Hardly Wait,1998,neg
15453,Very Bad Things,1998,pos
15454,Babe: Pig in the City,1998,pos
15455,My Fair Lady,1964,pos
15456,Psycho,1998,pos
1546,Last of the Mohicans The,1992,pos
15460,Conan the Barbarian,1982,pos
15461,Henry Fool,1997,pos
15462,Hairspray,1988,pos
15463,Elizabeth,1998,pos
15464,Babe: Pig in the City,1998,pos
15465,Celebrity,1998,pos
15466,Apt Pupil,1998,pos
15467,Age of Innocence The,1993,pos
15468,Siege The,1998,pos
1547,Last of the Mohicans The,1992,pos
15471,Ringmaster,1998,pos
15474,Rugrats Movie The,1998,neg
15475,Rugrats Movie The,1998,pos
15477,Happiness,1998,pos
15479,Enemy of the State,1998,pos
1548,Last of the Mohicans The,1992,pos
15481,Celebrity,1998,neg
15483,Jaws,1975,pos
15485,Shawshank Redemption The,1994,pos
15487,Tomorrow Never Dies,1997,pos
15488,Fright Night Part II,1989,neg
15489,Texas Chain Saw Massacre The,1974,neg
1549,Last of the Mohicans The,1992,pos
15490,Phantoms,1998,pos
15495,Wandafuru raifu,1998,pos
15496,Enemy of the State,1998,pos
15497,Theory of Flight The,1998,pos
15498,Enemy of the State,1998,pos
15499,Babe: Pig in the City,1998,neg
1550,Last of the Mohicans The,1992,pos
15500,Elizabeth,1998,pos
15504,Antz,1998,pos
15505,Clay Pigeons,1998,pos
15506,What Dreams May Come,1998,pos
15507,Governess The,1998,pos
15508,Holy Man,1998,neg
15509,Without Limits,1998,pos
1551,Last of the Mohicans The,1992,pos
15510,Impostors The,1998,pos
15511,Practical Magic,1998,pos
15512,One Tough Cop,1998,neg
15513,Mighty The,1998,pos
15514,Night at the Roxbury A,1998,pos
15515,Apt Pupil,1998,pos
15516,Bride of Chucky,1998,neg
15517,Beloved,1998,pos
15518,Elizabeth,1998,pos
15519,Bugs Life A,1998,pos
1552,Innocent Blood,1992,pos
15521,Elizabeth,1998,pos
15522,Rugrats Movie The,1998,pos
15524,Port Djema,1997,pos
15526,Henry V,1989,pos
15528,Little Voice,1998,pos
15529,Blue Velvet,1986,pos
1553,Innocent Blood,1992,neg
15530,Vampires,1998,pos
15531,Simple Plan A,1998,pos
15532,Without Limits,1998,pos
15533,Audrey Rose,1977,pos
15534,Enemy of the State,1998,pos
15535,Prince of Egypt The,1998,pos
15536,Meet Joe Black,1998,pos
15537,Hamlet,1996,pos
15538,Psycho,1998,pos
15539,Psycho,1998,neg
1554,Brief History of Time A,1992,pos
15541,Poltergeist III,1988,pos
15544,Waking Ned Devine,1998,pos
15545,Psycho,1998,pos
15546,Psycho,1998,pos
15547,Western,1997,pos
15548,Girls Night,1998,pos
15549,Forrest Gump,1994,pos
1555,Husbands and Wives,1992,pos
15551,Psycho,1998,pos
15552,Psycho,1998,pos
15553,Psycho,1998,pos
15554,Psycho,1998,pos
15555,Psycho,1998,pos
15556,Psycho,1998,pos
15557,Babe: Pig in the City,1998,pos
15558,Psycho,1998,pos
15559,Jack Frost,1998,pos
1556,Husbands and Wives,1992,pos
15560,Days of Wine and Roses,1962,pos
15562,American History X,1998,pos
15564,Jack Frost,1998,pos
15565,Night Shift,1982,neg
15566,Bugs Life A,1998,pos
15568,Psycho,1998,pos
15569,Dancing at Lughnasa,1998,pos
1557,Batman Returns,1992,pos
15570,Enemy of the State,1998,pos
15571,Bugs Life A,1998,pos
15572,Rien ne va plus,1997,pos
15574,Home Fries,1998,pos
15576,Babe: Pig in the City,1998,pos
15577,Bugs Life A,1998,pos
15578,Still Crazy,1998,pos
15579,Ringmaster,1998,neg
1558,Hellraiser III: Hell on Earth,1992,pos
15580,Celebrity,1998,pos
15581,Babe: Pig in the City,1998,pos
15582,Sullivans Travels,1942,pos
15585,Last Days of Disco The,1998,pos
15586,Comedian Harmonists,1997,pos
15587,Psycho,1998,pos
15588,Psycho,1998,pos
15589,Antz,1998,pos
1559,Bob Roberts,1992,pos
15590,Simple Plan A,1998,pos
15591,Beloved,1998,pos
15593,Psycho,1998,pos
15597,Cruise The,null,pos
15599,Youve Got Mail,1998,pos
1560,Spoorloos,1988,pos
15600,Shattered Image,1998,neg
15601,Blues Brothers The,1980,pos
15605,Dead Man Walking,1995,pos
15607,Bacheha-Ye aseman,1997,pos
15608,Suicide Kings,1997,pos
15609,Star Trek: Insurrection,1998,pos
1561,Hero,1992,pos
15610,Godfather: Part II The,1974,pos
15611,Patch Adams,1998,pos
15612,Star Trek: Insurrection,1998,pos
15614,Armitage III,1994,pos
15615,Jaws,1975,pos
15617,Simple Plan A,1998,pos
15618,Dancing at Lughnasa,1998,pos
15619,Star Trek: Insurrection,1998,neg
1562,Singles,1992,pos
15621,Youve Got Mail,1998,pos
15622,Gods and Monsters,1998,pos
15623,Star Trek: Insurrection,1998,pos
15624,Jack Frost,1998,pos
15625,Stepmom,1998,pos
15626,Rushmore,1998,pos
15627,Psycho,1998,pos
15629,Star Trek: Insurrection,1998,pos
1563,Glengarry Glen Ross,1992,pos
15631,Palm Beach Story The,1942,pos
15632,Star Trek: Insurrection,1998,pos
15633,Dogme 1 - Festen,1998,pos
15635,Schindlers List,1993,pos
15636,Two Girls and a Guy,1997,pos
15637,Eaten Alive,1976,pos
15639,Lost in America,1985,pos
1564,Basic Instinct,1992,pos
15640,Halloween,1978,pos
15641,Psycho,1998,pos
15642,Urban Legend,1998,pos
15643,Dogme 1 - Festen,1998,pos
15644,Psycho,1998,pos
15645,Star Trek: Insurrection,1998,pos
15646,Star Trek: Insurrection,1998,pos
15647,Star Trek: Insurrection,1998,pos
15648,Jack Frost,1998,pos
15649,Prince of Egypt The,1998,pos
1565,Wisecracks,1991,neg
15651,Youve Got Mail,1998,pos
15652,Star Trek: Insurrection,1998,neg
15653,Jack Frost,1998,neg
15654,Bugs Life A,1998,pos
15655,Love Is the Devil,1998,pos
15656,Hilary and Jackie,1998,pos
15657,Star Trek: Insurrection,1998,pos
1566,Danger Island,1992,pos
15660,Deconstructing Harry,1997,pos
15663,Star Trek: Insurrection,1998,pos
15664,Prince of Egypt The,1998,pos
15666,Siege The,1998,pos
15667,Patch Adams,1998,pos
15669,High Art,1998,pos
1567,Hero,1992,pos
15670,Patch Adams,1998,pos
15671,Desert Blue,1998,pos
15673,Star Trek: Insurrection,1998,neg
15674,Rushmore,1998,pos
15675,20 Dates,1998,pos
15676,Ringmaster,1998,pos
15677,Celebrity,1998,pos
15678,Home Fries,1998,pos
15679,Hilary and Jackie,1998,pos
15680,Babe: Pig in the City,1998,pos
15681,Bugs Life A,1998,pos
15682,Enemy of the State,1998,pos
15683,Rugrats Movie The,1998,neg
15684,Living Out Loud,1998,pos
15685,Meet Joe Black,1998,pos
15686,Very Bad Things,1998,pos
15687,Waterboy The,1998,neg
15688,I Still Know What You Did Last Summer,1998,neg
15689,Siege The,1998,pos
1569,1492: Conquest of Paradise,1992,pos
15690,Apt Pupil,1998,pos
15691,Vampires,1998,neg
15692,Pleasantville,1998,pos
15693,Ill Be Home for Christmas,1998,pos
15694,I Know What You Did Last Summer,1997,pos
15695,Talking to Strangers,1988,pos
15696,Happiness,1998,pos
15698,Down in the Delta,1998,pos
15699,Orgazmo,1997,pos
1570,Obsessed,1992,neg
15700,Gods and Monsters,1998,pos
15701,Waterboy The,1998,pos
15702,Jack Frost,1998,pos
15703,Happiness,1998,pos
15704,Star Trek: Insurrection,1998,pos
15705,Psycho,1998,pos
15706,Pleasantville,1998,pos
15707,Orgazmo,1997,pos
15708,Living Out Loud,1998,pos
15709,Happiness,1998,pos
1571,Innocent Blood,1992,pos
15710,Soldier,1998,pos
15711,Insomnia,1997,pos
15712,Varsity Blues,1999,pos
15713,Star Trek: Insurrection,1998,pos
15714,Very Bad Things,1998,pos
15715,Rugrats Movie The,1998,pos
15716,Home Fries,1998,pos
15717,Cube,1997,pos
15718,Ill Be Home for Christmas,1998,pos
1572,Rapture The,1991,pos
15720,Ringmaster,1998,neg
15721,American History X,1998,pos
15722,Elizabeth,1998,pos
15723,Bugs Life A,1998,pos
15724,Vampires,1998,pos
15725,Babe: Pig in the City,1998,pos
15726,Siege The,1998,pos
15727,Enemy of the State,1998,pos
15728,I Still Know What You Did Last Summer,1998,neg
15729,Meet Joe Black,1998,pos
1573,Bob Roberts,1992,pos
15730,Star Trek: Insurrection,1998,pos
15731,Stepmom,1998,pos
15732,Sour Grapes,1998,pos
15733,Showdown at Boot Hill,1958,pos
15734,Return of the Texas Chainsaw Massacre The,1994,neg
15735,Prince of Egypt The,1998,pos
15736,Star Trek: Insurrection,1998,pos
15737,Emerald Forest The,1985,pos
15738,Three Days of the Condor,1975,pos
15739,Prince of Egypt The,1998,pos
1574,Under Siege,1992,pos
15740,Prince of Egypt The,1998,pos
15741,Youve Got Mail,1998,pos
15742,Shakespeare in Love,1998,pos
15743,Central do Brasil,1998,pos
15744,Dogme 1 - Festen,1998,pos
15745,Patch Adams,1998,pos
15746,Hurlyburly,1998,pos
15747,From Russia with Love,1963,pos
15748,Mighty Joe Young,1998,pos
15749,For Hire,1997,pos
1575,Under Siege,1992,pos
15750,Shakespeare in Love,1998,pos
15751,Psycho,1998,pos
15753,Stepmom,1998,pos
15754,Bugs Life A,1998,pos
15755,Shakespeare in Love,1998,pos
15756,Youve Got Mail,1998,pos
1576,Under Siege,1992,neg
15761,Prince of Egypt The,1998,pos
15762,Civil Action A,1998,pos
15764,Star Trek: Insurrection,1998,pos
15765,Mighty Joe Young,1998,neg
15769,Prince of Egypt The,1998,pos
1577,Lethal Weapon 3,1992,neg
15770,Im Gonna Git You Sucka,1988,pos
15771,Prince of Egypt The,1998,pos
15773,Youve Got Mail,1998,pos
15774,Youve Got Mail,1998,pos
15775,Youve Got Mail,1998,pos
15776,Star Trek: Insurrection,1998,pos
15777,Elizabeth,1998,pos
15779,Mighty Joe Young,1998,neg
1578,1492: Conquest of Paradise,1992,pos
15780,Central do Brasil,1998,pos
15781,Prince of Egypt The,1998,pos
15783,Hurlyburly,1998,pos
15784,Youve Got Mail,1998,pos
15785,Dogme 1 - Festen,1998,pos
15789,From Here to Eternity,1953,pos
1579,Last of the Mohicans The,1992,pos
15790,Youve Got Mail,1998,pos
15791,Enemy of the State,1998,pos
15792,Star Trek: Insurrection,1998,pos
15793,Psycho,1998,pos
1580,Mr. Baseball,1992,pos
15803,Simple Plan A,1998,pos
15804,True Grit,1969,pos
15805,Youve Got Mail,1998,pos
15806,Youve Got Mail,1998,pos
15808,Waking Ned Devine,1998,pos
15809,Dogme 1 - Festen,1998,pos
1581,Rush,1991,pos
15810,Little Voice,1998,pos
15811,Hitman Hart: Wrestling with Shadows,1998,pos
15812,Youve Got Mail,1998,pos
15813,Prince of Egypt The,1998,pos
15814,Prince of Egypt The,1998,pos
15817,Haunting The,1963,pos
15818,Faculty The,1998,pos
15819,Prince of Egypt The,1998,pos
1582,Prom Night IV: Deliver Us from Evil,1992,neg
15820,Star Trek: Insurrection,1998,pos
15821,Kabinett des Doktor Caligari Das,1920,pos
15824,High Art,1998,pos
15825,Soldiers Daughter Never Cries A,1998,pos
15826,Nashville,1975,pos
15827,Rugrats Movie The,1998,pos
15828,Its a Wonderful Life,1946,pos
1583,Miracle The,1991,pos
15830,Thin Red Line The,1998,pos
15831,Civil Action A,1998,pos
15832,Faculty The,1998,pos
15833,Mighty Joe Young,1998,neg
15834,Hilary and Jackie,1998,pos
15839,Jawbreaker,1999,neg
1584,Passenger 57,1992,pos
15841,My Name Is Joe,1998,pos
15842,Shakespeare in Love,1998,pos
15843,Patch Adams,1998,pos
15844,Stepmom,1998,pos
15845,Shakespeare in Love,1998,pos
15846,Mighty Joe Young,1998,neg
15847,Thin Red Line The,1998,pos
15849,Dancing at Lughnasa,1998,pos
1585,Bad Channels,1992,pos
15850,Waking Ned Devine,1998,pos
15851,Civil Action A,1998,pos
15852,Faculty The,1998,pos
15853,Face in the Crowd A,1957,pos
15855,Dancing at Lughnasa,1998,pos
15856,Stepmom,1998,pos
15857,Down in the Delta,1998,pos
15858,Thin Red Line The,1998,pos
15859,Faculty The,1998,pos
1586,Night and the City,1992,pos
15864,Amityville 1992: Its About Time,1992,pos
15866,Mrs. Dalloway,1997,pos
15868,Faculty The,1998,pos
15869,Stepmom,1998,pos
1587,Candyman,1992,pos
15870,Back to the Beach,1987,pos
15871,Simple Plan A,1998,pos
15874,Faculty The,1998,pos
15875,Officer and a Gentleman An,1982,pos
15876,In the Company of Men,1997,pos
15878,Shining The,1980,pos
15879,Six Days Seven Nights,1998,pos
1588,Dr. Giggles,1992,pos
15881,Patch Adams,1998,pos
15882,Shakespeare in Love,1998,pos
15883,Shakespeare in Love,1998,pos
15887,Shakespeare in Love,1998,pos
15888,Youve Got Mail,1998,pos
15889,Stepmom,1998,pos
1589,Dr. Giggles,1992,pos
15890,Waking Ned Devine,1998,pos
15891,Mighty Joe Young,1998,pos
15892,Youve Got Mail,1998,pos
15893,Prince of Egypt The,1998,neg
15894,Manhattan Murder Mystery,1993,pos
15896,Mighty Joe Young,1949,pos
15897,Simple Plan A,1998,pos
15898,Thin Red Line The,1998,pos
15899,Faculty The,1998,neg
1590,Of Mice and Men,1992,pos
15900,Mighty Joe Young,1998,pos
15901,Stepmom,1998,pos
15902,Mighty Joe Young,1998,pos
15907,Merry Christmas Mr. Lawrence,1983,pos
15908,Monster in a Box,1991,pos
15909,Mighty Aphrodite,1995,pos
1591,Of Mice and Men,1992,pos
15910,Mitt liv som hund,1985,pos
15911,Muriels Wedding,1994,pos
15912,My Father the Hero,1994,pos
15914,Setouchi munraito serenade,1997,pos
15915,Much Ado About Nothing,1993,pos
15916,Hilary and Jackie,1998,pos
15918,Youve Got Mail,1998,pos
1592,Monache di SantArcangelo Le,1973,pos
15920,Private Parts,1997,pos
15921,Patch Adams,1998,neg
15922,Jackie Brown,1997,pos
15923,Faculty The,1998,pos
15924,Babe: Pig in the City,1998,pos
15926,Thin Red Line The,1998,pos
15927,Waking Ned Devine,1998,pos
15929,Return of the Jedi,1983,pos
1593,Grand Canyon,1991,pos
15932,Star Trek: Insurrection,1998,pos
15933,Bugs Life A,1998,pos
15934,Mighty Joe Young,1998,pos
15935,Patch Adams,1998,pos
15936,Prince of Egypt The,1998,pos
15937,Star Trek: Insurrection,1998,pos
15938,Youve Got Mail,1998,pos
15939,Stepmom,1998,pos
1594,Zebrahead,1992,pos
15940,Jack Frost,1998,pos
15941,Apt Pupil,1998,pos
15942,Hurlyburly,1998,pos
15943,Theory of Flight The,1998,pos
15944,Pecker,1998,pos
15945,Waterboy The,1998,pos
15948,Faculty The,1998,pos
15949,Budbringeren,1997,pos
1595,Jennifer Eight,1992,pos
15950,Sweet Hereafter The,1997,pos
15951,One False Move,1991,pos
15952,Love Is the Devil,1998,pos
15953,Beloved,1998,pos
15954,American History X,1998,pos
15955,Happiness,1998,pos
15956,Lolita,1997,pos
15958,Thin Red Line The,1998,pos
15959,Little Voice,1998,pos
1596,Sneakers,1992,pos
15960,Hilary and Jackie,1998,pos
15964,Bugs Life A,1998,pos
15965,Velvet Goldmine,1998,pos
15966,What Dreams May Come,1998,pos
15968,Elizabeth,1998,pos
15969,Enemy of the State,1998,pos
1597,River Runs Through It A,1992,pos
15970,Celebrity,1998,pos
15972,Meet Joe Black,1998,pos
15973,Very Bad Things,1998,pos
15974,Patch Adams,1998,neg
15975,Faculty The,1998,pos
15976,Patch Adams,1998,pos
15978,Grand Hotel,1932,pos
15979,Kiss of the Spider Woman,1985,pos
1598,Death in Brunswick,1991,pos
15982,Dogme 1 - Festen,1998,pos
15983,Stepmom,1998,pos
15984,I Still Know What You Did Last Summer,1998,neg
15985,Star Trek: Insurrection,1998,pos
15989,Soldiers Daughter Never Cries A,1998,pos
1599,Reservoir Dogs,1992,pos
15990,Winstanley,1975,pos
15991,Youve Got Mail,1998,pos
15992,Home Fries,1998,pos
15993,Star Trek: Insurrection,1998,pos
15997,Real Blonde The,1997,pos
15998,Price Above Rubies A,1998,pos
15999,Powwow Highway,1989,pos
16000,Rhinestone,1984,pos
16001,Stepmom,1998,pos
16002,Dogme 1 - Festen,1998,pos
16003,Avengers The,1998,neg
16004,Doctor Dolittle,1998,pos
16005,Home Fries,1998,pos
16007,Babe: Pig in the City,1998,pos
16008,Nightwatch,1998,pos
16009,Parent Trap The,1998,pos
1601,Dracula,1992,pos
16013,Faculty The,1998,pos
16014,Shakespeare in Love,1998,pos
16015,Youve Got Mail,1998,pos
16016,Star Trek: Insurrection,1998,pos
16018,Hamam,1997,pos
16019,Beloved,1998,pos
1602,Dracula,1992,pos
16020,Psycho,1998,pos
16022,Safe House,null,pos
16025,Civil Action A,1998,pos
16026,Star Trek: Insurrection,1998,pos
16029,Muppet Movie The,1979,pos
1603,Dracula,1992,pos
16031,Central do Brasil,1998,pos
16034,Civil Action A,1998,pos
16035,Star Trek: Insurrection,1998,pos
16036,Home Fries,1998,neg
16037,Henry Fool,1997,pos
16038,Siege The,1998,pos
16039,Stepmom,1998,pos
1604,Dracula,1992,pos
16040,Shakespeare in Love,1998,pos
16043,Little Voice,1998,pos
16045,Price Above Rubies A,1998,pos
16046,Air Force One,1997,pos
16049,Avengers The,1998,neg
1605,Dracula,1992,pos
16050,Babe: Pig in the City,1998,pos
16053,Bugs Life A,1998,pos
16054,Children of a Lesser God,1986,pos
16056,Edge The,1997,pos
16057,End of Violence The,1997,pos
16058,Enemy of the State,1998,pos
16059,Even Cowgirls Get the Blues,1993,pos
1606,Dracula,1992,pos
16061,Fast Times at Ridgemont High,1982,pos
16062,Firestorm,1998,neg
16069,Jawbreaker,1999,pos
1607,Dracula,1992,pos
16070,Affliction,1997,pos
16071,Gods and Monsters,1998,pos
16073,Strange Days,1995,pos
16074,At First Sight,1999,pos
16075,Varsity Blues,1999,pos
16076,Hurlyburly,1998,pos
16077,Varsity Blues,1999,neg
16078,Shakespeare in Love,1998,pos
16079,Patch Adams,1998,neg
1608,Dracula,1992,pos
16080,Happiness,1998,pos
16081,Stag,1997,pos
16082,After Hours,1985,pos
16083,Varsity Blues,1999,neg
16086,Bad Girls Go To Hell,1965,pos
16087,Twonky The,1953,pos
1609,Dracula,1992,pos
16090,Varsity Blues,1999,pos
16091,At First Sight,1999,pos
16095,Civil Action A,1998,pos
16096,Civil Action A,1998,pos
16097,Meet Joe Black,1998,neg
16098,Faculty The,1998,pos
16099,Bang,1995,pos
1610,Peters Friends,1992,pos
16100,Uncle Sam,1996,pos
16101,Promesse La,1996,pos
16102,Civil Action A,1998,pos
16103,Kiss the Girls,1997,pos
16104,MatchMaker The,1997,pos
16105,Wishmaster,1997,pos
16106,Life Less Ordinary A,1997,pos
16107,Career Girls,1997,pos
16108,U Turn,1997,pos
16109,L.A. Confidential,1997,pos
16111,Manchurian Candidate The,1962,pos
16112,In Dreams,1999,pos
16114,In Dreams,1999,pos
16115,In Dreams,1999,pos
16116,Civil Action A,1998,pos
16117,Mighty Joe Young,1998,neg
16118,Another Day in Paradise,1998,pos
16119,Rounders,1998,pos
1612,Dracula,1992,pos
16120,Thin Red Line The,1998,pos
16125,Civil Action A,1998,pos
16126,Thin Red Line The,1998,pos
16127,Gentlemans Agreement,1947,pos
16128,This Is My Father,null,pos
16129,Affliction,1997,pos
1613,Dracula,1992,pos
16130,Gods and Monsters,1998,pos
16131,Geris Game,1997,pos
16132,Civil Action A,1998,pos
16133,Shakespeare in Love,1998,pos
16136,Bacheha-Ye aseman,1997,pos
1614,Malcolm X,1992,pos
16143,Youve Got Mail,1998,pos
16145,Stepmom,1998,pos
16146,Varsity Blues,1999,neg
16148,Four Rooms,1995,pos
1615,Malcolm X,1992,pos
16150,Gattaca,1997,pos
16151,Good Will Hunting,1997,pos
16152,Great Expectations,1998,pos
16153,Halloween,1978,neg
16154,Hard Rain,1998,neg
16155,In & Out,1997,neg
16159,Kundun,1997,pos
1616,Malcolm X,1992,pos
16160,Last Supper The,1995,pos
16162,Lost World: Jurassic Park The,1997,pos
16165,Opposite of Sex The,1998,pos
16166,Peacemaker The,1997,pos
16167,Pleasantville,1998,pos
16168,Practical Magic,1998,neg
16169,Rainmaker The,1997,pos
1617,Malcolm X,1992,pos
16174,Scream,1996,neg
16175,Scream 2,1997,pos
16177,Varsity Blues,1999,neg
16178,In Dreams,1999,pos
16179,Civil Action A,1998,pos
1618,Aladdin,1992,pos
16180,Civil Action A,1998,pos
16181,Civil Action A,1998,pos
16183,Othello,1965,pos
16184,Thin Red Line The,1998,pos
16185,Lolita,1997,pos
16186,Hurlyburly,1998,pos
16187,Affliction,1997,pos
16188,Theory of Flight The,1998,pos
16189,Patch Adams,1998,pos
1619,Aladdin,1992,pos
16190,Varsity Blues,1999,neg
16191,Playing by Heart,1998,pos
16192,Kansas City,1996,pos
16194,Virus,1999,neg
1620,Aladdin,1992,pos
16203,Virus,1999,pos
16204,Orlando,1992,pos
16205,Performance,1970,pos
16206,Outremer,1990,pos
16207,Naked Lunch,1991,pos
16208,Naked,1993,pos
16209,Playing by Heart,1998,pos
1621,Aladdin,1992,pos
16210,Empire Strikes Back The,1980,pos
16212,Thin Red Line The,1998,pos
16215,Varsity Blues,1999,neg
16216,Virus,1999,neg
16217,Pat Garrett and Billy the Kid,1973,pos
16218,Virus,1999,neg
16219,Thin Red Line The,1998,pos
1622,Aladdin,1992,pos
16221,At First Sight,1999,pos
16222,In Dreams,1999,pos
16223,Affliction,1997,pos
16224,Hi-Lo Country The,1998,pos
16225,Little Voice,1998,pos
16227,Nadja,1994,pos
16228,Nell,1994,pos
16229,Ofelas,1987,pos
16231,Peters Friends,1992,pos
16233,Shes All That,1999,pos
16234,Civil Action A,1998,pos
16235,Bugs Life A,1998,pos
16236,At First Sight,1999,pos
16238,Gandhi,1982,pos
16239,Thin Red Line The,1998,pos
1624,Dracula,1992,pos
16242,Pixote: A Lei do Mais Fraco,1981,pos
16243,Powder,1995,pos
16244,Love Dream,1989,pos
16245,Kavkazskij plennik,1996,pos
16246,Prosperos Books,1991,pos
16247,King Lear,1971,pos
16248,Thin Red Line The,1998,pos
16249,Three Seasons,1999,pos
1625,Bob Roberts,1992,pos
16251,Hurlyburly,1998,pos
16257,Henry Fool,1997,pos
16258,At First Sight,1999,pos
16259,Waking Ned Devine,1998,pos
1626,Tous les matins du monde,1991,pos
16260,Varsity Blues,1999,pos
16262,Playing by Heart,1998,pos
16265,Waking Ned Devine,1998,pos
16266,Thin Red Line The,1998,pos
16267,In Dreams,1999,pos
16268,Hustler The,1961,pos
16269,Kanzo Sensei,1998,pos
1627,Bis ans Ende der Welt,1991,pos
16271,Long Kiss Goodnight The,1996,pos
16272,Civil Action A,1998,pos
16273,Theory of Flight The,1998,pos
16274,Pao Da Shuang Deng,1994,pos
16275,Reine Margot La,1994,pos
16276,Hong gao liang,1987,pos
16277,Ran,1985,pos
16278,Restoration,1995,pos
16279,Da hong deng long gao gao gua,1991,pos
1628,Malcolm X,1992,pos
16280,Remains of the Day The,1993,pos
1629,Malcolm X,1992,pos
16290,Varsity Blues,1999,pos
16291,Thin Red Line The,1998,pos
16293,In Dreams,1999,pos
16295,In Dreams,1999,pos
16296,Un air de famille,1996,pos
16298,It Happened One Night,1934,pos
16299,Virus,1999,neg
1630,Distinguished Gentleman The,1992,pos
16300,Prince of Egypt The,1998,pos
16301,Playing by Heart,1998,pos
16302,American History X,1998,pos
16306,Hilary and Jackie,1998,pos
16307,At First Sight,1999,pos
16308,Patch Adams,1998,pos
16310,Tank Girl,1995,pos
16311,Yatgo ho yan,1997,neg
16312,Dancer Texas Pop. 81,1998,pos
16316,Clay Pigeons,1998,pos
16317,Doctor Dolittle,1998,pos
16318,Deep Rising,1998,neg
16319,Lost in Space,1998,pos
1632,Crying Game The,1992,pos
16320,Enemy of the State,1998,pos
16321,Grease,1978,pos
16322,Halloween H20: Twenty Years Later,1998,pos
16323,Player The,1992,pos
16324,Sex Lies and Videotape,1989,pos
16325,Gloria,1999,neg
16326,My Name Is Joe,1998,pos
16327,My Darling Clementine,1946,pos
16328,Naked Lunch,1991,pos
1633,Aladdin,1992,pos
16330,Playing by Heart,1998,neg
16331,Rushmore,1998,pos
16332,Chinese Box,1997,pos
16333,Playing by Heart,1998,pos
16334,Hilary and Jackie,1998,pos
16335,Varsity Blues,1999,pos
16336,Thin Red Line The,1998,pos
16337,Virus,1999,neg
16338,Season of the Witch,1972,pos
1634,Dracula,1992,pos
16341,Playing by Heart,1998,pos
16342,Simple Plan A,1998,pos
16343,Prime of Miss Jean Brodie The,1969,pos
16346,Thin Red Line The,1998,pos
16347,Braindead,1992,pos
16348,Playing by Heart,1998,pos
1635,Few Good Men A,1992,pos
16350,Thin Red Line The,1998,pos
16351,Youve Got Mail,1998,pos
16352,Simple Plan A,1998,pos
16353,St. Elmos Fire,1985,pos
16354,Simple Plan A,1998,pos
16356,Rushmore,1998,pos
16357,Playing by Heart,1998,pos
16358,In Dreams,1999,pos
16359,Thin Red Line The,1998,pos
1636,Few Good Men A,1992,pos
16360,Day of the Woman,1978,pos
16362,Tango,1998,pos
16366,Shakespeare in Love,1998,pos
16367,Civil Action A,1998,pos
16368,Negotiator The,1998,pos
16369,X Files The,1998,pos
1637,Muppet Christmas Carol The,1992,pos
16370,Hope Floats,1998,pos
16371,Wedding Singer The,1998,pos
16372,Playing by Heart,1998,pos
16373,At First Sight,1999,pos
16374,Accompagnatrice L,1992,pos
16377,Spy Who Loved Me The,1977,pos
1638,Glengarry Glen Ross,1992,pos
16380,Postman The,1997,pos
16381,Star Trek: Insurrection,1998,pos
16382,Cleopatra,1963,pos
16383,Scrapple,1998,pos
16384,Thin Red Line The,1998,pos
16385,Player The,1992,pos
16386,Se7en,1995,pos
16388,Waking Ned Devine,1998,pos
16389,Clash of the Titans,1981,pos
1639,Proof,1991,pos
16390,Enskilda samtal,1996,pos
16391,Kiss or Kill,1997,pos
16392,Shes All That,1999,pos
16393,Gloria,1999,pos
16394,Simple Plan A,1998,pos
16395,At First Sight,1999,pos
16396,Thin Red Line The,1998,pos
16397,Shakespeare in Love,1998,pos
16398,Saving Private Ryan,1998,pos
16399,Baunsu koGALS,1997,pos
1640,Candyman,1992,pos
16400,In Dreams,1999,pos
16401,Last Days The,1998,pos
16403,Bird,1988,pos
16405,Frantic,1988,pos
16406,Godzilla,1998,neg
16407,Krippendorfs Tribe,1998,neg
16409,54,1998,neg
1641,Dracula,1992,pos
16410,Saving Private Ryan,1998,pos
16411,Truman Show The,1998,pos
16412,Man in the Iron Mask The,1998,pos
16413,Mulan,1998,pos
16414,In Dreams,1999,pos
16415,Hell Night,1981,pos
16416,Civil Action A,1998,pos
16417,Simple Plan A,1998,pos
16418,American History X,1998,pos
16419,Dream with the Fishes,1997,pos
1642,Chaplin,1992,pos
16420,Searching for Bobby Fischer,1993,pos
16421,Seven Years in Tibet,1997,pos
16423,Shine,1996,pos
16424,Siege The,1998,pos
16427,Spanish Prisoner The,1997,pos
16428,Starship Troopers,1997,pos
16429,Sweet Hereafter The,1997,pos
1643,Peters Friends,1992,pos
16431,To Die for,1995,pos
16432,Tomorrow Never Dies,1997,pos
16434,Urban Legend,1998,neg
16436,Vampires,1998,neg
16437,Waterboy The,1998,neg
1644,Crying Game The,1992,pos
16440,Wishmaster,1997,pos
16441,X Files The,1998,pos
1645,Leap of Faith,1992,pos
16450,Last Days The,1998,pos
16451,Gloria,1999,neg
16452,Magic Town,1947,pos
16453,Message in a Bottle,1999,pos
16454,Lock Stock and Two Smoking Barrels,1998,pos
16456,Long Day Closes The,1992,pos
16457,Shakespeare in Love,1998,pos
16458,54,1998,pos
1646,Toys,1992,pos
16460,54,1998,pos
16461,Enskilda samtal,1996,pos
16462,Lock Stock and Two Smoking Barrels,1998,pos
16467,Simple Plan A,1998,pos
16468,Shes All That,1999,pos
16469,Shes All That,1999,pos
1647,Toys,1992,pos
16470,Absolute Power,1997,pos
16472,American History X,1998,pos
16473,Price Above Rubies A,1998,pos
16476,Night to Remember A,1958,pos
1648,Toys,1992,pos
16480,Call Northside 777,1948,pos
16482,Butch Cassidy and the Sundance Kid,1969,pos
16483,Simple Plan A,1998,pos
16484,Thin Red Line The,1998,pos
16485,Beloved,1998,pos
16486,Blade,1998,neg
16487,Bulworth,1998,pos
16488,Avengers The,1998,neg
16489,Perfect Murder A,1998,pos
1649,Forever Young,1992,pos
16490,Deep Impact,1998,pos
16491,Armageddon,1998,pos
16492,Buffalo 66,1998,pos
16493,Star Trek: Insurrection,1998,pos
16494,Youve Got Mail,1998,pos
16497,Shes All That,1999,pos
16498,Sliding Doors,1998,pos
16499,Payback,1999,pos
1650,Herman,1990,pos
16500,Simple Plan A,1998,pos
16501,Still Crazy,1998,pos
16502,Shes All That,1999,pos
16503,Shes All That,1999,pos
16505,Thin Red Line The,1998,pos
16506,Virus,1999,neg
16508,Ronin,1998,pos
1651,Hoffa,1992,pos
16510,Shes All That,1999,pos
16511,Cleopatra,1934,pos
16512,Playing by Heart,1998,pos
16515,Ten Commandments The,1956,pos
16518,Hell High,1986,neg
16521,Shakespeare in Love,1998,pos
16522,Rounders,1998,pos
16524,Shes All That,1999,pos
16526,Payback,1999,pos
16528,Virus,1999,pos
16529,Watchers Reborn,1998,neg
1653,Hoffa,1992,pos
16530,Still Crazy,1998,pos
16531,God Said Ha!,1998,pos
16533,Shes All That,1999,pos
16534,At First Sight,1999,pos
16535,Shes Out of Control,1989,pos
16536,Varsity Blues,1999,pos
16537,Major League,1989,pos
16539,Rushmore,1998,pos
1654,Trespass,1992,pos
16541,Shes All That,1999,pos
16542,Payback,1999,pos
16543,Cool Dry Place A,1998,pos
16544,Conceiving Ada,1997,pos
16545,Payback,1999,pos
16547,Fifth Element The,1997,pos
16548,Antz,1998,pos
1655,Shakes the Clown,1991,pos
16550,Psycho,1998,pos
16551,Mask of Zorro The,1998,pos
16553,Governess The,1998,pos
16554,Payback,1999,pos
16555,Walk on the Moon A,1999,pos
16557,Simply Irresistible,1999,pos
16558,High Art,1998,pos
16559,At First Sight,1999,pos
1656,Hoffa,1992,pos
16560,Star Maps,1997,pos
16561,Torch Song Trilogy,1988,pos
16562,Payback,1999,neg
16563,Simply Irresistible,1999,neg
16564,Payback,1999,pos
16565,Simply Irresistible,1999,pos
16566,Message in a Bottle,1999,pos
16567,Hands on a Hardbody: The Documentary,1998,pos
16568,Faculty The,1998,pos
16569,General The,1998,pos
1657,Indochine,1992,pos
16570,Thin Red Line The,1998,pos
16571,Payback,1999,pos
16574,Simply Irresistible,1999,neg
16575,Payback,1999,pos
16576,Gloria,1999,pos
16577,In Dreams,1999,pos
16578,Shakespeare in Love,1998,pos
16579,Simple Plan A,1998,pos
16581,October Sky,1999,pos
16584,Simply Irresistible,1999,pos
16585,Return to Horror High,1987,neg
16588,Rushmore,1998,pos
16589,At First Sight,1999,pos
1659,Lacenaire,1990,pos
16590,Varsity Blues,1999,pos
16591,Unagi,1997,pos
16592,Saving Private Ryan,1998,pos
16594,October Sky,1999,pos
16597,Playing by Heart,1998,pos
16598,Simply Irresistible,1999,pos
1660,Womans Tale A,1991,pos
16602,Central do Brasil,1998,pos
16603,Payback,1999,pos
16605,Rook The,1994,pos
1661,Under Siege,1992,pos
16610,Hurlyburly,1998,pos
16611,Wild Man Blues,1998,pos
16612,Zero Effect,1998,pos
16614,Blast from the Past,1999,pos
16615,Nosferatu: Phantom der Nacht,1979,pos
16616,Payback,1999,neg
16617,Thin Red Line The,1998,pos
16618,Butcher Boy The,1997,pos
16619,My Favorite Martian,1999,pos
1662,Lincoln,1992,pos
16620,Payback,1999,pos
16621,Bugs Life A,1998,pos
16622,Blade,1998,pos
16623,Enemy of the State,1998,pos
16624,Youve Got Mail,1998,pos
16626,Stepmom,1998,pos
16627,Psycho,1998,pos
16628,Waterboy The,1998,pos
1663,Poison Ivy,1992,pos
16631,My Favorite Martian,1999,pos
16633,My Favorite Martian,1999,neg
16634,Message in a Bottle,1999,pos
16636,Brave Little Toaster Goes to Mars The,1998,pos
16637,Frankenstein,1931,pos
16639,Payback,1999,pos
1664,Amy Fisher: My Story,1992,pos
16640,Blast from the Past,1999,pos
16641,Amistad,1997,pos
16642,Great Expectations,1998,pos
16643,Horse Whisperer The,1998,pos
16644,Parent Trap The,1998,pos
16645,Prince of Egypt The,1998,pos
16646,Kokaku kidotai,1995,pos
16647,Near Dark,1987,pos
16649,Antz,1998,pos
1665,Amantes,1991,pos
16653,Shakespeare in Love,1998,pos
16654,Simply Irresistible,1999,pos
16655,Message in a Bottle,1999,pos
16656,Blast from the Past,1999,pos
16657,My Favorite Martian,1999,neg
16658,Pulp Fiction,1994,pos
1666,Gas Food Lodging,1992,pos
16660,October Sky,1999,pos
16661,Duoluo tianshi,1995,pos
16662,Blast from the Past,1999,pos
16663,Mighty Joe Young,1998,neg
16664,Object of My Affection The,1998,pos
16665,Primary Colors,1998,pos
16669,Blast from the Past,1999,pos
1667,Passenger 57,1992,pos
16671,Message in a Bottle,1999,pos
16673,Teenage Bonnie and Klepto Clyde,1993,pos
16674,Message in a Bottle,1999,pos
16675,Blast from the Past,1999,pos
16676,My Favorite Martian,1999,neg
16677,October Sky,1999,pos
16678,Rushmore,1998,pos
16679,Message in a Bottle,1999,neg
1668,Tous les matins du monde,1991,pos
16680,Message in a Bottle,1999,pos
16681,Hilary and Jackie,1998,pos
16682,Rio Grande,1950,pos
16687,My Favorite Martian,1999,neg
16689,Blast from the Past,1999,pos
1669,Cook the Thief His Wife & Her Lover The,1989,pos
16690,Bliss,1997,pos
16691,Get Real,null,pos
16694,Last Days The,1998,pos
16695,American History X,1998,pos
16697,Ever After,1998,pos
16699,Simple Plan A,1998,pos
1670,Trespass,1992,pos
16701,Okraina,1998,pos
16702,Message in a Bottle,1999,pos
16704,Message in a Bottle,1999,pos
16705,Buffalo 66,1998,pos
16706,Wilbur Falls,1998,pos
16707,Message in a Bottle,1999,pos
16709,Town That Dreaded Sundown The,1976,pos
1671,Medusa: Dare to Be Truthful,1992,pos
16711,Blast from the Past,1999,pos
16714,Office Space,1999,pos
16715,Blast from the Past,1999,pos
16716,Airport 77,1977,pos
16719,Antz,1998,neg
1672,Sofie,1992,pos
16721,Central do Brasil,1998,pos
16722,October Sky,1999,pos
16724,Other Sister The,1999,pos
16725,Central do Brasil,1998,pos
16726,Jawbreaker,1999,neg
16728,Dancemaker,1998,pos
1673,Hoffa,1992,pos
16730,Lethal Weapon 4,1998,pos
16731,Love and Death on Long Island,1997,pos
16732,Rush Hour,1998,pos
16733,Apostle The,1997,pos
16734,Slums of Beverly Hills,1998,pos
16735,Snake Eyes,1998,neg
16736,Affliction,1997,pos
16738,Babe: Pig in the City,1998,pos
16739,Payback,1999,pos
1674,Malcolm X,1992,pos
16742,Cruel Intentions,1999,pos
16744,Office Space,1999,pos
16745,Rushmore,1998,pos
16747,Cruel Intentions,1999,pos
16748,Unmade Beds,1997,pos
16749,Office Space,1999,pos
1675,Together Alone,1991,pos
16750,Cannibal! The Musical,1996,pos
16751,Armageddon,1998,neg
16752,Comedian Harmonists,1997,pos
16753,Metroland,1997,pos
1676,Bad Lieutenant,1992,neg
16760,24 Hour Woman The,1999,pos
16762,October Sky,1999,pos
16763,Blast from the Past,1999,pos
16764,Elizabeth,1998,pos
16765,Message in a Bottle,1999,pos
16766,Simple Plan A,1998,pos
16767,Affliction,1997,pos
16768,Shakespeare in Love,1998,pos
16769,Central do Brasil,1998,pos
1677,Crying Game The,1992,pos
16770,Simply Irresistible,1999,pos
16771,Saving Private Ryan,1998,pos
16772,At First Sight,1999,pos
16773,Shakespeare in Love,1998,pos
16774,Message in a Bottle,1999,pos
16775,Chinatown,1974,pos
16777,Office Space,1999,pos
16781,Sib,1998,pos
16783,Hilary and Jackie,1998,pos
16785,Seul contre tous,1998,pos
16786,Johns,1996,pos
16787,Buena estrella La,1997,pos
16788,October Sky,1999,pos
16789,Walk on the Moon A,1999,pos
1679,Hoffa,1992,pos
16792,My Favorite Martian,1999,pos
16793,Rushmore,1998,pos
16794,October Sky,1999,pos
16795,Hilary and Jackie,1998,pos
16796,Message in a Bottle,1999,pos
16797,Dancing at Lughnasa,1998,pos
16798,Carlitos Way,1993,pos
1680,Scent of a Woman,1992,pos
16802,Kleine Teun,1998,pos
16803,Felice... Felice...,1998,pos
16808,Party Camp,1986,neg
16809,Other Sister The,1999,pos
1681,Scent of a Woman,1992,pos
16810,Analyze This,1999,pos
16812,Office Space,1999,pos
16813,Analyze This,1999,pos
16814,Office Space,1999,pos
16815,Jawbreaker,1999,neg
16816,Star Trek: Insurrection,1998,pos
16818,Zhao xiansheng,1998,pos
1682,Scent of a Woman,1992,pos
16820,Cachetonneurs Les,1999,pos
16823,Ronin,1998,pos
16825,Antz,1998,neg
16826,Rushmore,1998,pos
16827,Thin Red Line The,1998,pos
16828,October Sky,1999,pos
16829,Elizabeth,1998,pos
1683,Highway to Hell,1991,pos
16830,Little Voice,1998,pos
16832,Sliding Doors,1998,pos
16833,Shakespeare in Love,1998,pos
16834,Masala,1991,pos
16837,Avalon,1990,pos
16838,Brigadoon,1954,pos
16839,Little Shop of Horrors The,1960,pos
1684,Chaplin,1992,pos
16840,Quiet Room The,1996,pos
16841,Road to Wellville The,1994,pos
16842,Eight Men Out,1988,pos
16843,Thin Red Line The,1998,pos
16844,Jawbreaker,1999,neg
16845,Cleopatras Second Husband,1998,pos
16846,O.K. Garage,1998,pos
16847,Walk on the Moon A,1999,pos
16848,Rushmore,1998,pos
1685,Chaplin,1992,pos
16852,Jawbreaker,1999,pos
16855,October Sky,1999,pos
16856,Time Machine The,1960,pos
16857,Other Sister The,1999,pos
16858,Elizabeth,1998,pos
16859,Office Space,1999,pos
1686,Tous les matins du monde,1991,pos
16860,American History X,1998,pos
16861,Primary Colors,1998,pos
16864,Barton Fink,1991,pos
16865,Canadian Bacon,1995,pos
16866,8MM,1999,pos
16867,Hurlyburly,1998,neg
16868,Rounders,1998,pos
16869,Sphere,1998,pos
1687,Leprechaun,1993,neg
16870,Spice World,1997,neg
16871,Siege The,1998,pos
16872,8MM,1999,pos
16873,Ronin,1998,pos
16874,Enemy of the State,1998,pos
16875,Central do Brasil,1998,pos
16876,Little Voice,1998,pos
16877,October Sky,1999,pos
16879,Youve Got Mail,1998,pos
1688,Leprechaun,1993,pos
16880,8MM,1999,pos
16881,Twilight,1998,pos
16882,Why Do Fools Fall In Love,1998,pos
16883,October Sky,1999,pos
16884,Other Sister The,1999,pos
16885,Simple Plan A,1998,pos
16886,200 Cigarettes,1999,pos
16887,8MM,1999,pos
16888,Electra Glide in Blue,1973,pos
1689,Scent of a Woman,1992,pos
16890,Chinese Box,1997,pos
16891,Armageddon,1998,neg
16892,Volcano,1997,neg
16893,Happiness,1998,pos
16894,8MM,1999,pos
16895,Six Ways to Sunday,1999,pos
16897,Love in the Afternoon,1957,pos
16898,Smoke Signals,1998,pos
16899,Kurt & Courtney,1998,pos
1690,Scent of a Woman,1992,pos
16900,Rushmore,1998,pos
16901,Goodbye Lover,1999,pos
16902,20 Dates,1998,pos
16903,200 Cigarettes,1999,neg
16904,October Sky,1999,pos
16905,Six Ways to Sunday,1999,neg
16906,8MM,1999,neg
16908,Se7en,1995,pos
16909,Showgirls,1995,neg
1691,Unforgiven,1992,pos
16910,October Sky,1999,pos
16912,Godzilla,1998,neg
16913,Great Expectations,1998,pos
16914,Analyze This,1999,pos
16915,Little Voice,1998,pos
16916,Sliding Doors,1998,neg
16917,Other Sister The,1999,pos
16918,8MM,1999,pos
16919,Analyze This,1999,pos
1692,Suddenly Last Summer,1993,pos
16920,Office Space,1999,pos
16921,8MM,1999,pos
16922,Psycho,1960,pos
16923,Island of Dr. Moreau The,1996,pos
16924,Varsity Blues,1999,neg
16926,Payback,1999,pos
16927,U.S. Marshals,1998,neg
16928,Total Recall 2070,1999,pos
16929,Masquerade,1988,pos
1693,Chaplin,1992,pos
16930,Porkys,1981,neg
16934,8MM,1999,pos
16935,200 Cigarettes,1999,neg
16937,Se7en,1995,pos
16938,Angels Dance,1999,pos
16939,Running for Bogota,1999,pos
1694,Bad Lieutenant,1992,pos
16940,Velvet Goldmine,1998,pos
16941,200 Cigarettes,1999,pos
16943,Rachel Rachel,1968,pos
16944,Good Companions The,1957,pos
16945,Just the Ticket,1999,pos
16949,Civil Action A,1998,pos
1695,Peters Friends,1992,pos
16950,Shes All That,1999,neg
16951,Contact,1997,pos
16952,Face/Off,1997,pos
16953,Career Girls,1997,pos
16955,Three Seasons,1999,pos
16956,Forever Fever,1998,pos
16958,Payback,1999,pos
16959,Cube,1997,pos
1696,Few Good Men A,1992,pos
16962,Perfect Murder A,1998,pos
16964,8MM,1999,pos
16965,200 Cigarettes,1999,neg
16966,Office Space,1999,pos
16967,8MM,1999,pos
16968,Mercury Rising,1998,pos
16969,Raiders of the Lost Ark,1981,pos
1697,Body of Evidence,1993,neg
16970,Cruel Intentions,1999,neg
16971,Office Space,1999,pos
16972,October Sky,1999,pos
16973,8MM,1999,pos
16974,Quick and the Dead The,1995,pos
16975,Other Sister The,1999,neg
16976,Ngo hai sui,1998,pos
16977,Analyze This,1999,pos
16978,Dead Man Walking,1995,pos
16979,Virus,1999,pos
1698,Body of Evidence,1993,neg
16980,Patch Adams,1998,neg
16981,Office Space,1999,pos
16982,Message in a Bottle,1999,neg
16983,Payback,1999,pos
16984,Among Giants,1998,pos
16985,Varsity Blues,1999,neg
16987,8MM,1999,pos
16988,8MM,1999,neg
16989,Cobb,1994,pos
1699,Alive,1993,pos
16990,Few Good Men A,1992,pos
16991,Love Serenade,1996,pos
16992,Everest,1998,pos
16993,Metropolitan,1990,pos
16994,Out of Sight,1998,pos
16995,Wuthering Heights,1939,pos
16996,Wizard of Oz The,1939,pos
16999,Permanent Midnight,1998,pos
17001,Bulworth,1998,pos
17002,Rushmore,1998,pos
17003,8MM,1999,neg
17004,Party Crashers The,1999,pos
17005,No Way to Treat a Lady,1968,pos
17006,Loss of Sexual Innocence The,1999,pos
17008,Affliction,1997,pos
17009,8MM,1999,pos
1701,Nowhere to Run,1993,pos
17010,Cruel Intentions,1999,pos
17011,Butcher Boy The,1997,pos
17012,Urban Legend,1998,pos
17013,Other Sister The,1999,pos
17015,8MM,1999,pos
17016,October Sky,1999,pos
17017,Cruel Intentions,1999,pos
17019,Blue Velvet,1986,pos
1702,Gojira VS Biorante,1989,pos
17020,Urban Legend,1998,neg
17021,Girl Gets Moe The,1997,neg
17022,8MM,1999,neg
17023,Gia,1998,neg
17024,Saving Private Ryan,1998,pos
17025,Twilight of the Golds The,1997,pos
17026,200 Cigarettes,1999,neg
17027,Deliverance,1972,pos
17028,Analyze This,1999,pos
17029,Jawbreaker,1999,neg
1703,Bad Lieutenant,1992,pos
17031,Three Seasons,1999,pos
17032,Deep End of the Ocean The,1999,pos
17034,Shes All That,1999,neg
17036,Other Sister The,1999,pos
17038,Xiangnu xiaoxiao,1986,pos
17039,Waterboy The,1998,pos
1704,Money Man,1992,pos
17041,Home Page,1999,pos
17043,Lock Stock and Two Smoking Barrels,1998,pos
17044,Analyze This,1999,pos
17045,Other Sister The,1999,pos
17046,Just the Ticket,1999,neg
17047,American Perfekt,1997,neg
17049,Baby Geniuses,1999,pos
1705,Ninotchka,1939,pos
17050,Cruel Intentions,1999,pos
17051,Deep End of the Ocean The,1999,pos
17052,200 Cigarettes,1999,neg
17053,One Eight Seven,1997,pos
17054,Freeway,1996,neg
17055,Blob The,1988,neg
17056,Faculty The,1998,pos
17058,Faculty The,1998,pos
17059,Simple Plan A,1998,pos
1706,Lorenzos Oil,1992,pos
17061,Meet Joe Black,1998,pos
17063,Bride of Chucky,1998,pos
17064,Practical Magic,1998,neg
17065,Analyze This,1999,neg
17067,Analyze This,1999,pos
17068,Beloved,1998,pos
1707,Lorenzos Oil,1992,pos
17071,Cruel Intentions,1999,pos
17073,8MM,1999,neg
17074,Other Sister The,1999,pos
17075,Cruel Intentions,1999,pos
17077,200 Cigarettes,1999,pos
17079,Species II,1998,neg
17080,Great Expectations,1998,pos
17081,Thin Red Line The,1998,pos
17082,Payback,1999,pos
17083,Rushmore,1998,pos
17084,Analyze This,1999,neg
17085,Godfather The,1972,pos
17086,Simple Plan A,1998,pos
17088,Jacobs Ladder,1990,pos
1709,Malcolm X,1992,pos
17093,Shakespeare in Love,1998,pos
17096,Cruel Intentions,1999,pos
17098,Cruel Intentions,1999,neg
1710,Toys,1992,pos
17100,October Sky,1999,pos
17101,Office Space,1999,pos
17102,Other Sister The,1999,pos
17105,Lock Stock and Two Smoking Barrels,1998,neg
17106,Cruel Intentions,1999,pos
17107,Velocity of Gary The,1998,pos
1711,Cutting Edge The,1992,pos
17111,Waking Ned Devine,1998,pos
17113,Deep End of the Ocean The,1999,pos
17114,Cruel Intentions,1999,pos
17115,Tango,1998,pos
1712,Bob Roberts,1992,neg
17120,Mosafere jonub,1997,pos
17121,Sa pusod ng dagat,1998,pos
17122,Going Nomad,1998,pos
17123,O.K. Garage,1998,pos
17124,Blue Velvet,1986,pos
17125,Gummo,1997,pos
17127,Godfather: Part II The,1974,pos
17128,One Flew Over the Cuckoos Nest,1975,pos
17129,Kiss of the Spider Woman,1985,pos
1713,Body of Evidence,1993,pos
17132,God Said Ha!,1998,pos
17133,That Thing You Do!,1996,pos
17134,Violon rouge Le,1998,pos
17135,My Name Is Joe,1998,pos
17136,Bacheha-Ye aseman,1997,pos
17138,Wing Commander,1999,neg
1714,Body of Evidence,1993,pos
17140,Rushmore,1998,pos
17141,October Sky,1999,pos
17142,Rage: Carrie 2 The,1999,neg
17143,Analyze This,1999,pos
17145,Peeping Tom,1960,pos
17147,Moderns The,1988,pos
17148,Hideous Kinky,1998,pos
17149,Shes All That,1999,neg
1715,Mosura tai Gojira,1964,pos
17151,Two Girls and a Guy,1997,pos
17152,Thin Red Line The,1998,pos
17153,Shakespeare in Love,1998,pos
17154,Simple Plan A,1998,pos
17155,Rushmore,1998,pos
17156,Pi,1998,pos
17158,Cruel Intentions,1999,pos
17159,Corruptor The,1999,pos
1716,Distinguished Gentleman The,1992,pos
17160,Rage: Carrie 2 The,1999,pos
17161,Wing Commander,1999,neg
17162,Train To Pakistan,1998,pos
17163,All About Eve,1950,pos
17164,Rage: Carrie 2 The,1999,pos
17165,Jawbreaker,1999,neg
17166,Lock Stock and Two Smoking Barrels,1998,pos
17167,Analyze This,1999,pos
17168,200 Cigarettes,1999,neg
17169,Ravenous,1999,pos
1717,Bed & Breakfast,null,pos
17170,Urban Legend,1998,pos
17175,Civil Action A,1998,pos
17176,Big One The,1997,pos
17177,Another Day in Paradise,1998,pos
17178,Affliction,1997,pos
17179,Virus,1999,neg
1718,Knight Moves,1992,pos
17180,Varsity Blues,1999,pos
17181,Lock Stock and Two Smoking Barrels,1998,pos
17183,Deep End of the Ocean The,1999,pos
17184,Corruptor The,1999,neg
17185,Budbringeren,1997,pos
17188,Spanish Prisoner The,1997,pos
17189,Music From Another Room,1998,pos
1719,Knight Moves,1992,neg
17190,Little Boy Blue,1998,pos
17191,Hurricane Streets,1998,pos
17193,Payback,1999,pos
17194,Kurt & Courtney,1998,pos
17195,200 Cigarettes,1999,pos
17196,Perfect Murder A,1998,pos
17197,My Name Is Joe,1998,pos
17198,Ravenous,1999,pos
1720,Fatale,1992,pos
17202,Analyze This,1999,pos
17203,Edtv,1999,pos
17205,Vampires,1998,pos
17206,Ronin,1998,pos
17207,October Sky,1999,pos
17208,Wing Commander,1999,neg
17209,Edtv,1999,pos
1721,Hexed,1993,neg
17210,Rage: Carrie 2 The,1999,pos
17211,Impostors The,1998,pos
17213,Rage: Carrie 2 The,1999,pos
17214,Wing Commander,1999,neg
17215,200 Cigarettes,1999,neg
17217,Corruptor The,1999,pos
17218,Wing Commander,1999,pos
1722,Hexed,1993,neg
17220,Henry Fool,1997,pos
17221,Gods and Monsters,1998,pos
17222,Analyze This,1999,pos
17223,Corruptor The,1999,pos
17224,8MM,1999,pos
17229,Therese und Isabell,1968,pos
1723,Aspen Extreme,1993,pos
17230,Let It Ride,1989,pos
17232,X Files The,1998,pos
17233,Corruptor The,1999,pos
17234,Westworld,1973,pos
17235,Mercury Rising,1998,pos
17236,Analyze This,1999,pos
17237,Bai fa mo nu zhuan,1993,pos
17238,Analyze This,1999,pos
1724,Muppet Christmas Carol The,1992,pos
17241,Network,1976,pos
17242,Forces of Nature,1999,pos
17244,Deep End of the Ocean The,1999,pos
17245,Cruel Intentions,1999,pos
17247,Gods and Monsters,1998,pos
17248,Deep End of the Ocean The,1999,pos
1725,Desperate Rescue: The Cathy Mahone Story,1992,pos
17250,Sounder,1972,pos
17256,Ravenous,1999,pos
17258,Lock Stock and Two Smoking Barrels,1998,pos
17259,Edtv,1999,pos
1726,Into the West,1992,pos
17260,Matewan,1987,pos
17261,Corruptor The,1999,pos
17263,Cookies Fortune,1999,pos
17264,Carrie,1976,pos
17265,True Crime,1999,pos
17266,Waterboy The,1998,neg
17267,Home Fries,1998,pos
17268,Youve Got Mail,1998,pos
17269,Virus,1999,neg
1727,Just Another Girl on the I.R.T.,1992,pos
17270,In Dreams,1999,pos
17271,Shakespeare in Love,1998,pos
17272,Stepmom,1998,pos
17273,I Know What You Did Last Summer,1997,pos
17274,Out of Sight,1998,pos
17275,Hope Floats,1998,pos
17276,Cant Hardly Wait,1998,pos
17277,Rage: Carrie 2 The,1999,neg
17278,Corruptor The,1999,pos
17279,Broken English,1996,pos
1728,Fear of a Black Hat,1993,pos
17281,Wishmaster 2: Evil Never Dies,1999,pos
17282,Wishmaster,1997,pos
17283,Rumble Fish,1983,pos
17284,True Crime,1999,pos
17286,Life Among the Cannibals,1996,pos
1729,Rift,1993,pos
17292,Schindlers List,1993,pos
17294,True Crime,1999,pos
17295,Ravenous,1999,pos
17296,Deep End of the Ocean The,1999,pos
17298,Time After Time,1979,pos
17299,In Dreams,1999,pos
1730,Sniper,1993,neg
17300,Central do Brasil,1998,pos
17301,Deep End of the Ocean The,1999,pos
17302,Forces of Nature,1999,pos
17304,Shakespeare in Love,1998,pos
17306,October Sky,1999,pos
17307,Ravenous,1999,pos
17308,Deep End of the Ocean The,1999,pos
17309,Forces of Nature,1999,pos
1731,Matinee,1993,pos
17310,Forces of Nature,1999,pos
17316,Corruptor The,1999,neg
17318,Edtv,1999,pos
17319,Ravenous,1999,pos
17324,Analyze This,1999,pos
17325,Corruptor The,1999,pos
17326,October Sky,1999,pos
17328,One Flew Over the Cuckoos Nest,1975,pos
17329,Deep End of the Ocean The,1999,pos
1733,Hexed,1993,pos
17331,Baby Geniuses,1999,neg
17332,Ravenous,1999,pos
17333,Betty Ford Story The,1987,pos
17334,True Crime,1999,pos
17335,Baby Geniuses,1999,neg
17336,Forces of Nature,1999,pos
17337,Deep End of the Ocean The,1999,pos
17338,Forces of Nature,1999,pos
17339,Ravenous,1999,pos
1734,Last of the Mohicans The,1992,pos
17340,King and I The,1999,pos
17341,Bed You Sleep In The,1993,pos
17344,Pi,1998,pos
17346,Edtv,1999,pos
17347,King and I The,1999,pos
17349,Dougs 1st Movie,1999,pos
1735,Children of the Corn II: The Final Sacrifice,1993,neg
17351,Mute Witness,1994,pos
17352,Danger Island,1992,neg
17353,Naked Souls,1995,neg
17354,Below Utopia,1997,neg
17358,Cruel Intentions,1999,pos
1736,Children of the Corn II: The Final Sacrifice,1993,pos
17360,Office Space,1999,pos
17361,True Crime,1999,pos
17363,Ever After,1998,pos
17364,Hurlyburly,1998,pos
17368,Happiness,1998,pos
17369,Forces of Nature,1999,pos
1737,Twin Peaks: Fire Walk with Me,1992,pos
17370,Edtv,1999,pos
17371,True Crime,1999,pos
17372,Rage: Carrie 2 The,1999,neg
17373,Practical Magic,1998,pos
17378,True Crime,1999,pos
17379,Ravenous,1999,pos
1738,Peters Friends,1992,pos
17380,Forces of Nature,1999,pos
17381,Dougs 1st Movie,1999,pos
17382,Con Air,1997,neg
17383,Gattaca,1997,pos
17384,Boucher Le,1969,pos
17385,King and I The,1999,pos
17386,True Crime,1999,pos
17387,Corruptor The,1999,pos
17388,Edtv,1999,pos
1739,Passion Fish,1992,pos
17390,True Crime,1999,pos
17392,Shining The,1980,pos
17394,Arguing the World,1998,pos
17395,Fury,1936,pos
17396,Urban Legend,1998,neg
17397,Mod Squad The,1999,pos
17399,Pi,1998,pos
1740,Matinee,1993,pos
17405,Lost in Space,1998,neg
17406,Barry Lyndon,1975,pos
17407,Clockwork Orange A,1971,pos
1741,Sniper,1993,pos
17412,Living Museum The,1998,pos
17413,Winner The,1996,pos
17414,Antz,1998,pos
17415,BASEketball,1998,neg
17416,Disturbing Behavior,1998,pos
17417,Ever After,1998,pos
17418,Ice Storm The,1997,pos
17419,Mirror Has Two Faces The,1996,pos
17420,Net The,1995,pos
17421,Bian Lian,1996,pos
17423,Enemy of the State,1998,pos
17425,Corruptor The,1999,pos
17427,Edtv,1999,pos
1743,Scent of a Woman,1992,pos
17433,Angels with Dirty Faces,1938,pos
17434,Mod Squad The,1999,neg
17436,Abre los ojos,1997,pos
17437,Edtv,1999,pos
17438,Affliction,1997,pos
17439,Central do Brasil,1998,pos
1744,Strictly Ballroom,1992,pos
17440,True Crime,1999,pos
17445,Antz,1998,pos
17446,Ravenous,1999,pos
17448,General The,1998,pos
17449,Gods and Monsters,1998,pos
1745,Fatale,1992,neg
17450,Mod Squad The,1999,neg
17451,Pleasantville,1998,pos
17452,Mod Squad The,1999,pos
17453,Waterboy The,1998,pos
17455,Get Real,null,pos
17459,Edtv,1999,pos
1746,Loaded Weapon 1,1993,neg
17462,Lock Stock and Two Smoking Barrels,1998,pos
17465,Rebel Without a Cause,1955,pos
17467,Dougs 1st Movie,1999,pos
17469,Edtv,1999,pos
1747,Loaded Weapon 1,1993,neg
17470,GoldenEye,1995,pos
17471,Sudden Death,1995,neg
17472,Junior,1994,neg
17473,Fair Game,1995,neg
17474,Mod Squad The,1999,neg
17479,Mod Squad The,1999,neg
1748,Sommersby,1993,pos
17480,King and I The,1999,pos
17481,10 Things I Hate About You,1999,pos
17482,Edtv,1999,pos
17483,Cruel Intentions,1999,pos
17489,True Crime,1999,pos
1749,Sommersby,1993,pos
17490,Lock Stock and Two Smoking Barrels,1998,neg
17492,Never Been Kissed,1999,pos
17493,Mod Squad The,1999,neg
17494,Sparkler,1998,pos
17495,10 Things I Hate About You,1999,pos
17497,Central do Brasil,1998,pos
17498,Walk on the Moon A,1999,pos
17499,Butcher Boy The,1997,pos
1750,Sommersby,1993,pos
17500,Edtv,1999,pos
17505,Cruel Intentions,1999,pos
17506,Waterboy The,1998,pos
1751,Vanishing The,1993,pos
17513,True Crime,1999,pos
17516,Matrix The,1999,pos
17519,Deadly Voyage,1996,pos
1752,Vanishing The,1993,pos
17520,Edtv,1999,pos
17521,Mod Squad The,1999,neg
17525,10 Things I Hate About You,1999,pos
17526,Mod Squad The,1999,pos
17527,Mod Squad The,1999,neg
17528,Lock Stock and Two Smoking Barrels,1998,neg
17529,Affliction,1997,pos
1753,Vanishing The,1993,pos
17530,Paperback Hero,1998,pos
17531,Dangerous Beauty,1998,pos
17533,Day of the Jackal The,1973,pos
17535,X Files The,1998,pos
17536,Rushmore,1998,pos
17537,Office Space,1999,pos
17538,Your Friends & Neighbors,1998,pos
17539,10 Things I Hate About You,1999,pos
1754,Matinee,1993,pos
17543,Never Been Kissed,1999,pos
17544,10 Things I Hate About You,1999,pos
17545,Forces of Nature,1999,pos
17546,Out-of-Towners The,1999,pos
17547,True Crime,1999,pos
17548,Matrix The,1999,pos
17549,Place in the Sun A,1951,pos
1755,Matinee,1993,pos
17550,Wandafuru raifu,1998,pos
17553,Matrix The,1999,pos
17554,Matrix The,1999,pos
17555,Vampires,1998,neg
17557,October Sky,1999,pos
17558,Forces of Nature,1999,pos
17559,Edtv,1999,pos
17560,Mod Squad The,1999,neg
17561,Among Giants,1998,pos
17562,Walk on the Moon A,1999,pos
17563,Amadeus,1984,pos
17565,Out-of-Towners The,1999,pos
17568,Unbearable Lightness of Being The,1988,pos
1757,Groundhog Day,1993,pos
17570,Edtv,1999,pos
17571,King and I The,1999,pos
17572,Never Been Kissed,1999,neg
17573,Matrix The,1999,pos
17574,10 Things I Hate About You,1999,pos
17575,Forces of Nature,1999,pos
17579,Carnival of Souls,1962,pos
1758,Becoming Colette,1991,pos
17580,Matrix The,1999,pos
17582,Out-of-Towners The,1999,pos
17583,Matrix The,1999,pos
17584,Mod Squad The,1999,pos
17585,Matrix The,1999,pos
17586,Out-of-Towners The,1999,pos
17587,10 Things I Hate About You,1999,pos
17588,Matrix The,1999,pos
17589,Matrix The,1999,pos
1759,Dressed to Kill,1980,pos
17590,Matrix The,1999,pos
17591,10 Things I Hate About You,1999,pos
17592,8MM,1999,pos
17594,Love and Death on Long Island,1997,pos
17595,Dougs 1st Movie,1999,pos
17596,Never Been Kissed,1999,pos
17597,Sjunde inseglet Det,1957,pos
17598,Edtv,1999,pos
1760,Few Good Men A,1992,pos
17600,Dougs 1st Movie,1999,neg
17601,Matrix The,1999,pos
17602,Out-of-Towners The,1999,pos
17603,Never Been Kissed,1999,pos
17604,10 Things I Hate About You,1999,pos
17605,Matrix The,1999,pos
17606,Unagi,1997,pos
17607,Da yue bing,1986,pos
17608,Out-of-Towners The,1999,pos
1761,I Yabba-Dabba Do!,1993,pos
17611,10 Things I Hate About You,1999,pos
17612,Matrix The,1999,pos
17613,Matrix The,1999,pos
17614,Edtv,1999,neg
17617,Out-of-Towners The,1999,pos
1762,Loaded Weapon 1,1993,neg
17623,Edtv,1999,pos
17624,Blair Witch Project The,1999,pos
17625,Disturbing Behavior,1998,pos
17626,Blue Velvet,1986,pos
17627,Protector The,1985,neg
17628,Baby Geniuses,1999,neg
1763,Guncrazy,1992,pos
17631,Lolita,1997,pos
17632,Dead Zone The,1983,pos
17634,Saving Private Ryan,1998,pos
17635,Hard Rain,1998,pos
17637,Apt Pupil,1998,pos
17638,Armageddon,1998,neg
17639,Matrix The,1999,pos
1764,Untamed Heart,1993,neg
17640,Matrix The,1999,pos
17641,Innocents The,1961,pos
17643,Never Been Kissed,1999,pos
17644,Matrix The,1999,pos
17645,Living Out Loud,1998,pos
17646,Analyze This,1999,pos
17648,Go,1999,pos
1765,Groundhog Day,1993,pos
17650,Blast from the Past,1999,pos
17651,Jawbreaker,1999,neg
17652,10 Things I Hate About You,1999,pos
17654,Matrix The,1999,pos
17656,Comedian Harmonists,1997,pos
17657,Cookies Fortune,1999,pos
17658,Bride of Chucky,1998,pos
17659,10 Things I Hate About You,1999,pos
1766,Groundhog Day,1993,pos
17660,Fallen,1998,pos
17661,Star Wars,1977,pos
17664,Out-of-Towners The,1999,pos
17665,Im All Right Jack,1959,pos
17666,M,1931,pos
17667,Birds The,1963,pos
17668,Payback,1999,pos
17669,10 Things I Hate About You,1999,pos
1767,Vanishing The,1993,neg
17670,Hugo Pool,1997,pos
17671,Planes Trains & Automobiles,1987,pos
17673,Bound,1996,pos
17674,Donnie Brasco,1997,pos
17675,Fear and Loathing in Las Vegas,1998,pos
17676,Swimming with Sharks,1994,pos
17677,Game The,1997,pos
17678,Big Lebowski The,1998,pos
17679,Matrix The,1999,pos
1768,Homeward Bound: The Incredible Journey,1993,pos
17681,Windhorse,1998,pos
17682,Never Been Kissed,1999,neg
17685,8MM,1999,pos
17686,Matrix The,1999,pos
17687,Go,1999,pos
17688,True Crime,1999,pos
17689,Out-of-Towners The,1999,pos
1769,Homeward Bound: The Incredible Journey,1993,pos
17690,Winslow Boy The,1999,pos
17691,Silvia Prieto,1999,pos
17692,Go,1999,pos
17693,Cookies Fortune,1999,pos
17694,I Still Know What You Did Last Summer,1998,pos
17696,I Love $,1986,pos
17697,Ging chaat goo si,1985,pos
17698,Ayneh,1997,pos
17699,Empty Mirror The,1997,pos
1770,Rain Without Thunder,1992,pos
17700,Go,1999,pos
17701,Never Been Kissed,1999,pos
17703,Nain rouge Le,1998,pos
17704,Matrix The,1999,pos
17705,Edtv,1999,pos
17707,Voci nel tempo,1996,pos
17708,Never Been Kissed,1999,neg
17709,Go,1999,pos
1771,Guncrazy,1992,pos
17710,10 Things I Hate About You,1999,pos
17718,Bronx Tale A,1993,pos
17719,Buffalo 66,1998,pos
1772,Love Field,1992,pos
17720,Go,1999,pos
17721,Disturbing Behavior,1998,neg
17722,Baby Geniuses,1999,pos
17723,Two Girls and a Guy,1997,pos
17724,Never Been Kissed,1999,pos
17725,Cookies Fortune,1999,pos
17726,Go,1999,pos
17727,Goodbye Lover,1999,pos
17728,Go,1999,pos
17729,Cookies Fortune,1999,pos
1773,Cemetery Club The,1993,pos
17730,Go,1999,pos
17731,8MM,1999,pos
17732,Unbearable Lightness of Being The,1988,pos
17733,Out-of-Towners The,1999,pos
17734,Go,1999,pos
17735,Pleasantville,1998,pos
17737,Mighty Joe Young,1998,pos
17738,Shuang long hui,1992,pos
17739,Tomorrow Never Dies,1997,pos
1774,Temp The,1993,neg
17740,Curve The,1998,pos
17743,Hi-Lo Country The,1998,pos
17744,Office Space,1999,pos
17751,Matrix The,1999,pos
17753,Titanic,1997,pos
17755,Go,1999,pos
17757,Sweet Hereafter The,1997,pos
17759,Elizabeth,1998,pos
1776,Strictly Ballroom,1992,pos
17760,20 Dates,1998,pos
17762,Elizabeth,1998,pos
17763,Pretty as a Picture: The Art of David Lynch,1997,pos
17765,Go,1999,pos
17769,Vampires,1998,pos
17770,Lola rennt,1998,pos
17771,Get Real,null,pos
17772,Cookies Fortune,1999,pos
17773,Matrix The,1999,pos
17774,S.L.C. Punk!,1999,pos
17775,Shuang long hui,1992,pos
17776,Titanic,1997,pos
17777,Never Been Kissed,1999,neg
17778,Go,1999,pos
17779,Never Been Kissed,1999,neg
1778,Army of Darkness,1993,pos
17780,eXistenZ,1999,pos
17781,Never Been Kissed,1999,pos
17782,Walk on the Moon A,1999,pos
17785,Life,1999,pos
17786,10 Things I Hate About You,1999,pos
17789,Gone with the Wind,1939,pos
1779,Tous les matins du monde,1991,pos
17791,10 Things I Hate About You,1999,pos
17793,eXistenZ,1999,pos
17794,At First Sight,1999,pos
17795,Simon Birch,1998,pos
17797,Bacheha-Ye aseman,1997,pos
17798,Goodbye Lover,1999,pos
17799,Life,1999,neg
1780,Bad Lieutenant,1992,pos
17800,Hideous Kinky,1998,pos
17801,General The,1998,pos
17805,Phar Lap,1983,pos
17806,Go,1999,pos
17807,Never Been Kissed,1999,pos
17808,Go,1999,pos
17809,General The,1998,pos
17810,Hsing hsing wang,1977,pos
17812,Life,1999,neg
17813,General The,1998,pos
17817,Aliens,1986,pos
17819,Foolish,1999,neg
1782,Mad Dog and Glory,1993,pos
17821,Life,1999,pos
17824,Dark City,1998,pos
17825,Wrongfully Accused,1998,neg
17826,Goodbye Lover,1999,pos
17827,Life,1999,pos
17828,Shuang long hui,1992,pos
17829,Hsing hsing wang,1977,neg
1783,Children of the Night,1992,neg
17830,Black Pirate The,1926,pos
17831,M,1931,pos
17833,Grass: A Nations Battle for Life,1925,pos
17835,Manhattan Murder Mystery,1993,pos
17836,Goodbye Lover,1999,pos
17837,Life,1999,pos
17839,Marius et Jeannette,1997,pos
1784,Mom and Dad Save the World,1992,pos
17840,L.A. Confidential,1997,pos
17842,English Patient The,1996,pos
17843,Ever After,1998,pos
17844,Forrest Gump,1994,pos
17845,Kramer vs. Kramer,1979,pos
17846,Saturday Night Fever,1977,pos
17847,Saving Private Ryan,1998,pos
17848,Scarface,1983,pos
17849,Trouble with Harry The,1955,pos
1785,Guncrazy,1992,pos
17850,Sergeant York,1941,pos
17851,Cookies Fortune,1999,pos
17853,Lost & Found,null,pos
17854,Life,1999,pos
17856,Never Been Kissed,1999,pos
17857,Wild Bunch The,1969,pos
17859,Lost & Found,null,pos
1786,Army of Darkness,1993,pos
17860,Metroland,1997,pos
17861,Goodbye Lover,1999,pos
17862,Life,1999,pos
17863,King and I The,1999,neg
17864,Pushing Tin,1999,pos
17865,Walk on the Moon A,1999,pos
17866,Life,1999,pos
17867,Pushing Tin,1999,pos
17868,Shuang long hui,1992,pos
1787,Falling Down,1993,pos
17870,Psycho,1960,pos
17871,Clockwatchers,1997,pos
17872,Leila,1996,pos
17873,Office Space,1999,pos
17877,Divorcing Jack,1998,pos
17878,Redball,1999,pos
1788,Falling Down,1993,pos
17880,Underground Comedy Movie The,1999,pos
17881,Pleasantville,1998,pos
17882,Life,1999,pos
17883,Cookies Fortune,1999,pos
17884,Life,1999,pos
17888,Election,1999,pos
17889,S.L.C. Punk!,1999,pos
1789,Brothers Keeper,1992,pos
17890,Dark City,1998,pos
17891,Theres Something About Mary,1998,pos
17892,Lost & Found,null,pos
17893,Jackal The,1997,pos
17894,Titanic,1997,pos
17895,Big Lebowski The,1998,pos
17897,Matrix The,1999,pos
17899,Besieged,1998,pos
1790,Van Gogh,1991,pos
17900,Pushing Tin,1999,pos
17901,Pushing Tin,1999,neg
17904,Metroland,1997,pos
17906,Payback,1999,pos
17907,Go,1999,pos
17908,Spanking the Monkey,1994,pos
17909,Civil Action A,1998,pos
1791,Fifty/Fifty,1993,neg
17910,Matrix The,1999,pos
17911,Mia aiwniothta kai mia mera,1998,pos
17914,Friends & Lovers,1999,pos
17915,Pushing Tin,1999,pos
17916,S.L.C. Punk!,1999,pos
17917,Election,1999,pos
17918,Ravenous,1999,pos
17919,Pushing Tin,1999,neg
1792,Dracula,1992,pos
17920,Castle The,null,pos
17922,Lost & Found,null,neg
17923,Fresh,1994,pos
17925,Lost & Found,null,neg
17927,Pushing Tin,1999,pos
17928,Lost & Found,null,neg
17929,Pushing Tin,1999,pos
1793,Amos & Andrew,1993,pos
17930,Boxing Helena,1993,neg
17931,Hitman The,null,neg
17932,12:01,1993,pos
17934,Beloved,1998,pos
17935,Pushing Tin,1999,pos
17936,Lost & Found,null,pos
17937,Lost & Found,null,pos
17938,Grande illusion La,1937,pos
17939,Cool Crime,1999,pos
1794,Groundhog Day,1993,pos
17940,eXistenZ,1999,pos
17941,Pushing Tin,1999,pos
17942,Pushing Tin,1999,pos
17943,eXistenZ,1999,pos
17946,eXistenZ,1999,pos
17947,Toque do Oboe O,1999,neg
17948,Flintstones The,1994,neg
17949,Beverly Hills Cop III,1994,neg
17952,eXistenZ,1999,pos
17953,SubUrbia,1997,neg
17954,Lock Stock and Two Smoking Barrels,1998,pos
1796,Babylon 5: The Gathering,1993,pos
17963,Matrix The,1999,pos
17964,Walk on the Moon A,1999,pos
17965,S.L.C. Punk!,1999,pos
17967,Election,1999,pos
17968,eXistenZ,1999,pos
17969,S.L.C. Punk!,1999,pos
1797,Army of Darkness,1993,pos
17970,Lost & Found,null,neg
17973,Ship of Fools,1965,pos
17974,Faro El,1998,pos
17975,Tea with Mussolini,1999,pos
17976,Stop Making Sense,1984,pos
17977,Election,1999,pos
17978,Blast from the Past,1999,pos
17979,Never Been Kissed,1999,pos
1798,Journey to the Center of the Earth,1993,pos
17980,Other Sister The,1999,pos
17981,Pushing Tin,1999,pos
17982,Life,1999,pos
17983,Matrix The,1999,pos
17984,Payback,1999,pos
17985,At First Sight,1999,pos
17987,Go,1999,pos
17988,Entrapment,1999,neg
17989,Not of This Earth,1995,pos
1799,Trust,1990,pos
17990,Tenebre,1982,pos
17995,Friday the 13th,1980,neg
17996,Halloween,1978,pos
17997,Return of the Texas Chainsaw Massacre The,1994,neg
17998,Return of the Jedi,1983,pos
18001,Jacobs Ladder,1990,pos
18002,Tian yu,1998,pos
18003,Apostle The,1997,pos
18005,Hard Rain,1998,neg
18007,Go,1999,pos
18008,Idle Hands,1999,pos
18009,eXistenZ,1999,pos
18010,Ran,1985,pos
18011,Comedian Harmonists,1997,pos
18012,Idle Hands,1999,neg
18014,Fare Games,1999,pos
18015,Shuang long hui,1992,pos
18017,Entrapment,1999,pos
18018,Idle Hands,1999,pos
18019,Pushing Tin,1999,pos
1802,Como agua para chocolate,1992,pos
18020,Entrapment,1999,pos
18021,Entrapment,1999,pos
18022,Deep Impact,1998,pos
18023,Happiness,1998,pos
18024,Entrapment,1999,neg
18025,eXistenZ,1999,pos
18027,Midsummer Nights Dream A,1999,pos
18028,Entrapment,1999,pos
1803,Como agua para chocolate,1992,pos
18030,Crna macka beli macor,1998,pos
18033,Idle Hands,1999,neg
18037,Assistant The,1997,pos
18038,Castle The,null,pos
18039,Come Blow Your Horn,1963,pos
1804,Swing Kids,1993,pos
18040,Hideous Kinky,1998,pos
18042,Perfect Blue,null,pos
18043,Shuang long hui,1992,neg
18044,Entrapment,1999,pos
18045,10 Things I Hate About You,1999,pos
18046,Craic The,1999,pos
18048,Martha Meet Frank Daniel and Laurence,1998,pos
18049,Corruptor The,1999,pos
1805,Swing Kids,1993,pos
18050,Forces of Nature,1999,pos
18051,Entrapment,1999,pos
18052,Idle Hands,1999,pos
18053,Rajio no jikan,1997,pos
18054,Castle The,null,pos
18055,Rush Hour,1998,pos
18056,Entrapment,1999,pos
18057,Abre los ojos,1997,pos
1806,Gojira VS Mosura,1992,pos
18061,Analyze This,1999,pos
18062,Theres Something About Mary,1998,pos
18063,Matrix The,1999,pos
18064,Indiana Jones and the Last Crusade,1989,pos
18065,Maximum Risk,1996,neg
18066,Disturbing Behavior,1998,pos
18069,Idle Hands,1999,neg
18071,Mummy The,1999,pos
18072,Hideous Kinky,1998,pos
18074,Go,1999,pos
18075,GoodFellas,1990,pos
18076,Entrapment,1999,pos
18077,Beloved,1998,pos
18078,Entrapment,1999,neg
18079,Pushing Tin,1999,pos
18081,Entrapment,1999,pos
18082,Pushing Tin,1999,pos
18083,Medicine Man,1992,pos
18086,Endurance,1998,pos
18089,Austin Powers: International Man of Mystery,1997,pos
1809,Ethan Frome,1993,pos
18090,Loaded Weapon 1,1993,neg
18091,Crush The,1993,pos
18093,American History X,1998,pos
18096,Election,1999,pos
18098,Entrapment,1999,pos
18099,Pushing Tin,1999,pos
1810,My New Gun,1992,pos
18100,Entrapment,1999,pos
18101,Queen of Hearts,1989,pos
18102,Connecticut Yankee in King Arthurs Court A,1949,pos
18105,Get Real,null,pos
18106,Entrapment,1999,pos
18108,Andrei Rublyov,1969,pos
18109,Kanzo Sensei,1998,pos
1811,Best of the Best II,1993,pos
18114,Trippin,1999,neg
18115,Fatale,1992,pos
18116,Smooth Talk,1985,pos
18117,Dogfight,1991,pos
18118,Blow Out,1981,pos
18119,Roseaux sauvages Les,1994,pos
1812,Amos & Andrew,1993,pos
18120,Mummy The,1999,pos
18121,Mummy The,1999,pos
18122,Bian Lian,1996,pos
18123,Tea with Mussolini,1999,pos
18124,Midsummer Nights Dream A,1999,pos
18125,Winslow Boy The,1999,pos
18126,Rocky Marciano,1999,pos
18127,Ten Commandments The,1956,pos
18128,Little Voice,1998,pos
18129,Stiff Upper Lips,1998,neg
1813,Mad Dog and Glory,1993,pos
18130,Boy and His Dog A,1975,pos
18132,Waking Ned Devine,1998,pos
18133,At First Sight,1999,pos
18134,Mummy The,1999,pos
18135,Twin Falls Idaho,1999,pos
18138,Mummy The,1999,pos
18139,Star Wars: Episode I - The Phantom Menace,1999,pos
1814,Mac,1992,pos
18142,Eraserhead,1977,pos
18143,Cannonball Run The,1981,pos
18144,Mummy The,1999,pos
18146,Mummy The,1999,pos
18147,Matrix The,1999,pos
18148,Entrapment,1999,pos
18149,When Trumpets Fade,1998,pos
1815,Far Off Place A,1993,pos
18150,eXistenZ,1999,pos
18151,Mummy The,1999,pos
18152,Dark Half The,1993,pos
18153,Visiteurs Les,1993,pos
18154,When the Bough Breaks,1993,pos
18157,Living Out Loud,1998,pos
18158,Music Man The,1962,pos
1816,Far Off Place A,1993,pos
18160,Castle The,null,pos
18162,Richard III,1995,pos
18163,Rikky and Pete,1988,pos
18164,Ridicule,1996,pos
18165,Hachigatsu no kyoshikyoku,1991,pos
18166,Rob Roy,1995,pos
18167,Rosencrantz and Guildenstern Are Dead,1990,pos
1817,Mariachi El,1992,pos
18170,Loss of Sexual Innocence The,1999,pos
18171,Cookies Fortune,1999,pos
18173,Mummy The,1999,pos
18174,Odd Couple II The,1998,neg
18175,Entrapment,1999,pos
18176,Matrix The,1999,pos
18177,Mummy The,1999,pos
18178,Corruptor The,1999,pos
18179,Go,1999,pos
1818,Mariachi El,1992,pos
18180,Rush Hour,1998,pos
18183,Speed,1994,pos
18185,Blown Away,1994,neg
18186,Entangled,1993,neg
18187,Enid Is Sleeping,1990,pos
18188,Nicholas and Alexandra,1971,pos
18189,Salon Kitty,1976,neg
1819,Casualties of Love: The Long Island Lolita Story,1993,pos
18190,Mummy The,1999,pos
18191,Election,1999,pos
18192,Election,1999,pos
18193,Mummy The,1999,pos
18194,Mummy The,1999,pos
18195,Midsummer Nights Dream A,1999,pos
18196,Castle The,null,pos
18197,Three Seasons,1999,pos
18198,Election,1999,pos
18199,Election,1999,pos
1820,Blade Runner,1982,pos
18200,Castle The,null,pos
18201,Celebrity,1998,pos
18202,True Crime,1999,pos
18207,eXistenZ,1999,pos
1821,Crying Game The,1992,pos
18210,Exotica,1994,pos
18211,Mummy The,1999,neg
1822,Amy Fisher Story The,1993,pos
18223,Election,1999,pos
18224,Matrix The,1999,pos
18226,Election,1999,pos
18228,Edge of Seventeen,1998,pos
1823,Of Mice and Men,1992,pos
18230,Mummy The,1999,pos
18231,Three Seasons,1999,pos
18233,200 Cigarettes,1999,pos
18234,Sweet Hereafter The,1997,pos
18235,Smoke Signals,1998,pos
18236,Less Than Zero,1987,pos
18237,Frogs for Snakes,1998,pos
18238,Youve Got Mail,1998,pos
1824,Fire in the Sky,1993,pos
18240,Clear and Present Danger,1994,pos
18241,Relentless 3,1993,neg
18242,Mummy The,1999,pos
18243,Cookies Fortune,1999,pos
18244,Tea with Mussolini,1999,pos
18245,Aleksandr Nevsky,1938,pos
18246,Mummy The,1999,pos
18248,Stepmom,1998,pos
18249,Varsity Blues,1999,pos
1825,National Lampoon Goes to the Movies,1981,pos
18250,Civil Action A,1998,pos
18251,Celebrity,1998,pos
18252,Hurlyburly,1998,pos
18253,Patch Adams,1998,pos
18254,Rounders,1998,pos
18255,Siege The,1998,pos
18258,eXistenZ,1999,pos
18259,Mummy The,1999,pos
1826,CB4,1993,pos
18260,Midsummer Nights Dream A,1999,pos
18261,Plunkett & Macleane,1999,pos
18262,Star Wars: Episode I - The Phantom Menace,1999,pos
18264,Bulworth,1998,pos
18265,Star Wars: Episode I - The Phantom Menace,1999,pos
18266,Star Wars: Episode I - The Phantom Menace,1999,pos
18268,Midsummer Nights Dream A,1999,pos
18269,For Whom the Bell Tolls,1943,pos
1827,Ladro di bambini Il,1992,pos
18270,Election,1999,pos
18271,Matrix The,1999,pos
18275,Three Seasons,1999,pos
18276,Instinct,1999,pos
18277,Swing,1999,pos
18279,Tian yu,1998,pos
1828,Mac,1992,pos
18280,Anastasia,1956,pos
18281,Election,1999,pos
18282,Shiralee The,1957,pos
18284,Donald Hall and Jane Kenyon: Keeping You Safe Beside Me,1999,pos
18286,Cera una volta il West,1969,pos
18287,Mummy The,1999,pos
18288,Midsummer Nights Dream A,1999,pos
18289,Midsummer Nights Dream A,1999,pos
1829,Waterdance The,1992,pos
18290,Edtv,1999,pos
18291,Deep End of the Ocean The,1999,pos
18292,Mummy The,1999,pos
18293,Swingers,1996,pos
18296,Trekkies,1997,pos
1830,Rich in Love,1992,pos
18302,Notting Hill,1999,pos
18303,Star Wars: Episode I - The Phantom Menace,1999,pos
18304,Three Seasons,1999,pos
18306,Notting Hill,1999,pos
18308,Stepmom,1998,pos
18309,Simple Plan A,1998,pos
1831,In the Soup,1992,pos
18310,Shakespeare in Love,1998,pos
18311,Youve Got Mail,1998,pos
18312,Patch Adams,1998,pos
18313,Faculty The,1998,pos
18314,At First Sight,1999,pos
18315,In Dreams,1999,pos
18316,Virus,1999,neg
18317,Mighty Joe Young,1998,pos
18318,Civil Action A,1998,pos
18319,Thin Red Line The,1998,pos
1832,Crying Game The,1992,pos
18320,Shes All That,1999,pos
18321,Gloria,1999,neg
18322,Payback,1999,pos
18323,Varsity Blues,1999,pos
18324,Playing by Heart,1998,pos
18326,Message in a Bottle,1999,pos
18327,My Favorite Martian,1999,pos
18329,October Sky,1999,pos
1833,Teenage Mutant Ninja Turtles III,1993,pos
18330,Jawbreaker,1999,neg
18331,Office Space,1999,pos
18333,Other Sister The,1999,pos
18334,Analyze This,1999,pos
18335,Corruptor The,1999,pos
18336,200 Cigarettes,1999,neg
18337,Baby Geniuses,1999,neg
18338,Cruel Intentions,1999,pos
18339,Ravenous,1999,pos
1834,Last Days of Chez Nous The,1992,pos
18340,True Crime,1999,neg
18341,Deep End of the Ocean The,1999,pos
18342,Forces of Nature,1999,pos
18343,King and I The,1999,pos
18344,Edtv,1999,pos
18345,Rage: Carrie 2 The,1999,neg
18346,Wing Commander,1999,pos
18347,Never Been Kissed,1999,pos
18348,Shuang long hui,1992,pos
18349,Mod Squad The,1999,neg
1835,Point of No Return,1993,pos
18350,Go,1999,pos
18351,Dougs 1st Movie,1999,pos
18352,Matrix The,1999,pos
18353,10 Things I Hate About You,1999,pos
18354,Lost & Found,null,neg
18355,Entrapment,1999,neg
18356,Goodbye Lover,1999,pos
18357,Cookies Fortune,1999,pos
18358,Out-of-Towners The,1999,pos
18359,eXistenZ,1999,pos
1836,Point of No Return,1993,pos
18360,Election,1999,pos
18361,Life,1999,pos
18362,Geronimo: An American Legend,1993,pos
18363,Pump Up the Volume,1990,pos
18364,Ghost and Mrs. Muir The,1947,pos
18365,Reds,1981,pos
18366,Mummy The,1999,pos
18367,Entrapment,1999,pos
18369,Election,1999,pos
1837,Point of No Return,1993,pos
18370,Midsummer Nights Dream A,1999,pos
18371,Welcome To Sarajevo,1997,pos
18373,Ringmaster,1998,neg
18374,Hak hap,1996,pos
18377,Matrix The,1999,pos
18378,Apostle The,1997,pos
18379,In the Line of Duty: Manhunt in the Dakotas,1991,pos
1838,This Boys Life,1993,pos
18380,Stranger Among Us A,1992,neg
18381,Review for,null,pos
18382,Mummy The,1999,pos
18383,Three Seasons,1999,pos
18384,Midsummer Nights Dream A,1999,pos
18385,Woman of Desire,1993,neg
18386,Hak hap,1996,pos
18387,Shuang long hui,1992,pos
18388,Love Letter The,1999,pos
18389,Election,1999,pos
1839,Barbarians at the Gate,1993,pos
18390,Star Wars: Episode I - The Phantom Menace,1999,pos
18392,Star Wars: Episode I - The Phantom Menace,1999,pos
18394,Midsummer Nights Dream A,1999,pos
18397,Matrix The,1999,pos
1840,Point of No Return,1993,pos
1841,Opposite Sex and How to Live with Them The,1992,neg
18412,Trekkies,1997,pos
1842,Opposite Sex and How to Live with Them The,1992,pos
18421,Election,1999,pos
18422,Star Wars: Episode I - The Phantom Menace,1999,pos
18423,Star Wars: Episode I - The Phantom Menace,1999,pos
18425,Analyze This,1999,pos
18426,Gods and Monsters,1998,pos
18427,Lock Stock and Two Smoking Barrels,1998,pos
18428,Go,1999,pos
18429,Never Been Kissed,1999,neg
18430,Winslow Boy The,1999,pos
18431,Election,1999,pos
18432,Matrix The,1999,pos
18433,Star Wars: Episode I - The Phantom Menace,1999,pos
18434,Star Wars: Episode I - The Phantom Menace,1999,pos
18436,Assignment The,1997,pos
18437,Star Wars: Episode I - The Phantom Menace,1999,pos
18438,Love Letter The,1999,pos
1844,Hear No Evil,1993,pos
18440,Twice Upon a Yesterday,1998,pos
18442,Perfect Blue,null,pos
18443,Star Wars: Episode I - The Phantom Menace,1999,pos
18444,Pariah,1998,pos
18446,Star Wars: Episode I - The Phantom Menace,1999,pos
18449,Star Wars: Episode I - The Phantom Menace,1999,pos
1845,Mad Dog and Glory,1993,pos
18451,Bronx Tale A,1993,pos
18452,Star Wars: Episode I - The Phantom Menace,1999,pos
18453,Star Wars: Episode I - The Phantom Menace,1999,pos
18454,Palmetto,1998,pos
18455,Mummy The,1999,pos
18456,And the Band Played On,1993,pos
18457,Tea with Mussolini,1999,pos
18458,Star Wars: Episode I - The Phantom Menace,1999,pos
18459,Star Wars: Episode I - The Phantom Menace,1999,pos
1846,Married to It,1991,pos
18460,My Son the Fanatic,1998,pos
18461,Hallelujah,1929,pos
18462,Stone Boy The,1984,pos
18463,Star Wars: Episode I - The Phantom Menace,1999,pos
18464,Empire Strikes Back The,1980,pos
18465,Return of the Jedi,1983,pos
18467,Star Wars: Episode I - The Phantom Menace,1999,pos
18469,Winslow Boy The,1999,pos
1847,Born Yesterday,1993,pos
18470,Star Wars: Episode I - The Phantom Menace,1999,pos
18475,Falls The,1980,pos
18476,Instinct,1999,neg
18477,Love Letter The,1999,pos
18479,Star Wars: Episode I - The Phantom Menace,1999,pos
1848,Born Yesterday,1993,pos
18481,Against the Wall,1994,pos
18482,Waynes World 2,1993,pos
18483,Hear No Evil,1993,pos
18484,Inside Edge,1993,neg
18485,Star Wars: Episode I - The Phantom Menace,1999,pos
18486,Star Wars: Episode I - The Phantom Menace,1999,pos
18488,Star Wars: Episode I - The Phantom Menace,1999,pos
18489,Star Wars: Episode I - The Phantom Menace,1999,pos
1849,Jack the Bear,1993,pos
18490,Star Wars: Episode I - The Phantom Menace,1999,pos
18491,Notting Hill,1999,pos
18492,Love Letter The,1999,pos
18493,Passion of Ayn Rand The,1999,pos
18494,One True Thing,1998,pos
18495,Mighty The,1998,pos
18496,Living Out Loud,1998,pos
18497,Just the Ticket,1999,pos
18499,Metroland,1997,pos
1850,Adventures of Huck Finn The,1993,pos
18500,Election,1999,pos
18502,Star Wars: Episode I - The Phantom Menace,1999,pos
18503,Star Wars: Episode I - The Phantom Menace,1999,pos
18505,Cookies Fortune,1999,pos
18506,Star Wars: Episode I - The Phantom Menace,1999,pos
18508,Star Wars: Episode I - The Phantom Menace,1999,pos
18509,Sword and the Sorcerer The,1982,neg
1851,Adventures of Huck Finn The,1993,pos
18513,Five Easy Pieces,1970,pos
18514,Heaven Knows Mr. Allison,1957,pos
18515,Winslow Boy The,1999,pos
18516,Tea with Mussolini,1999,pos
18517,Besieged,1998,pos
18519,Fatherland,null,pos
1852,Crush The,1993,neg
18522,Third Man The,1949,pos
18523,I Wanna Hold Your Hand,1978,pos
18525,King and I The,1956,pos
18526,Analyze This,1999,pos
18527,Buffalo 66,1998,pos
18528,Dark City,1998,pos
18529,Star Wars: Episode I - The Phantom Menace,1999,pos
1853,Olivier Olivier,1992,pos
18531,Star Wars: Episode I - The Phantom Menace,1999,pos
18533,Trekkies,1997,pos
18534,Star Wars: Episode I - The Phantom Menace,1999,pos
18535,Lola rennt,1998,pos
18538,Thirteenth Floor The,1999,pos
18539,Notting Hill,1999,pos
1854,Just Another Girl on the I.R.T.,1992,pos
18541,Mummy The,1999,pos
18542,Entrapment,1999,pos
18543,True Crime,1999,pos
18546,Woodstock,1970,pos
18547,Trainspotting,1996,pos
18548,To Die for,1994,pos
18549,Star Wars: Episode I - The Phantom Menace,1999,pos
1855,Cop & 1/2,1993,neg
18550,Jane Austens Mafia!,1998,neg
18551,Practical Magic,1998,neg
18552,Notting Hill,1999,pos
18553,When Harry Met Sally...,1989,pos
18555,True Crime,1999,pos
18556,Shuang long hui,1992,pos
18558,Star Trek: Insurrection,1998,pos
18559,Pi,1998,pos
1856,Mariachi El,1992,pos
18560,Thirteenth Floor The,1999,pos
18561,Pather Panchali,1955,pos
18562,Aparajito,1956,pos
18563,Apur Sansar,1959,pos
18564,Teen Kanya,1961,pos
18565,Jalsaghar,1958,pos
18568,Thirteenth Floor The,1999,pos
1857,Indecent Proposal,1993,pos
18570,Fighting Seabees The,1944,pos
18571,Notting Hill,1999,pos
18572,Hak hap,1996,pos
18573,Trekkies,1997,pos
18574,Notting Hill,1999,pos
18575,Buena Vista Social Club,1999,pos
1858,Sandlot The,1993,pos
18583,Suicide Kings,1997,pos
18584,Loss of Sexual Innocence The,1999,pos
18585,Thirteenth Floor The,1999,pos
18587,Thirteenth Floor The,1999,pos
18589,Hak hap,1996,neg
1859,Riff-Raff,1990,pos
18590,Star Wars: Episode I - The Phantom Menace,1999,pos
18591,South Park: Bigger Longer and Uncut,1999,pos
18592,Star Wars: Episode I - The Phantom Menace,1999,pos
18593,Notting Hill,1999,pos
18594,Notting Hill,1999,pos
18595,London Town,1946,pos
18596,Notting Hill,1999,pos
18597,Notting Hill,1999,pos
18598,Instinct,1999,pos
18599,Thirteenth Floor The,1999,pos
1860,Indian Summer,1993,pos
18600,Trekkies,1997,pos
18601,Notting Hill,1999,pos
18602,Halloween H20: Twenty Years Later,1998,pos
18603,Roseaux sauvages Les,1994,pos
18604,Shining The,1980,pos
18605,Simple Plan A,1998,pos
18606,Thin Red Line The,1998,pos
1861,Strictly Ballroom,1992,pos
18610,Thirteenth Floor The,1999,pos
18612,Thirteenth Floor The,1999,pos
18613,Ideal Husband An,1999,pos
18615,Instinct,1999,neg
18616,Thirteenth Floor The,1999,pos
18617,Notting Hill,1999,pos
18618,Limbo,1999,pos
18619,Besieged,1998,pos
1862,Strictly Ballroom,1992,pos
18620,Instinct,1999,pos
18621,Dead Man on Campus,1998,neg
18624,Buffalo 66,1998,pos
18625,October Sky,1999,pos
18626,Analyze This,1999,pos
18627,Patch Adams,1998,pos
18628,Life,1999,pos
18629,Lost & Found,null,neg
1863,Adventures of Huck Finn The,1993,pos
18630,Elephant Walk,1954,pos
18631,Saving Private Ryan,1998,pos
18632,Matrix The,1999,pos
18636,Notting Hill,1999,pos
18637,Thirteenth Floor The,1999,pos
18638,Slaughter of the Innocents,1994,neg
18639,Client The,1994,pos
1864,Claire of the Moon,1992,pos
18640,No Escape,1994,pos
18641,In the Name of the Father,1993,pos
18644,Book The,1999,pos
1865,Boiling Point,1993,pos
18651,eXistenZ,1999,pos
18652,Jerry Maguire,1996,pos
18653,$,1972,pos
18654,Thirteenth Floor The,1999,pos
18655,Matrix The,1999,pos
18656,Limbo,1999,neg
18657,Matrix The,1999,pos
18658,Star Wars: Episode I - The Phantom Menace,1999,pos
18659,Instinct,1999,pos
1866,Benny & Joon,1993,pos
18661,Hudson Hawk,1991,neg
18662,Kingpin,1996,neg
18663,Star Wars: Episode I - The Phantom Menace,1999,pos
18664,Earth,1998,pos
18665,Batman & Mr. Freeze: SubZero,1998,pos
18669,Instinct,1999,pos
1867,Shadow of the Wolf,1992,pos
18670,Winslow Boy The,1999,pos
18671,Timecop,1994,neg
18672,My Life So Far,1999,pos
18674,Presidents Analyst The,1967,pos
18676,Third Man The,1949,pos
18678,Instinct,1999,pos
18679,Payback,1999,pos
1868,Map of the Human Heart,1992,pos
18680,8MM,1999,pos
18681,Loss of Sexual Innocence The,1999,pos
18682,Instinct,1999,pos
18684,Striking Distance,1993,pos
18685,On Deadly Ground,1994,pos
18686,Clan of the Cave Bear The,1986,pos
18687,Loss of Sexual Innocence The,1999,pos
18688,Smoke Signals,1998,pos
1869,Passion Fish,1992,pos
18690,Notting Hill,1999,pos
18691,Star Wars: Episode I - The Phantom Menace,1999,pos
18692,Among Giants,1998,pos
18693,Mummy The,1999,pos
18694,Thirteenth Floor The,1999,pos
18695,Terminal Velocity,1994,neg
18696,Color of Night,1994,pos
18697,Specialist The,1994,neg
1870,Abyss The,1989,pos
18701,This Is My Father,null,pos
18702,This Is My Father,null,pos
18703,Review for,null,pos
18704,Temptation,null,pos
18705,Prophet of Evil: The Ervil LeBaron Story,1993,pos
18706,Heart of Darkness,1994,pos
18707,House in the Hills A,1993,pos
18708,Frankenstein,1993,pos
18709,Go,1999,pos
1871,Indochine,1992,pos
18711,Entrapment,1999,pos
18714,Matrix The,1999,pos
18715,Limbo,1999,pos
18716,Star Wars: Episode I - The Phantom Menace,1999,pos
18717,Star Wars: Episode I - The Phantom Menace,1999,pos
18718,Free Enterprise,1998,pos
18719,Notting Hill,1999,pos
1872,Pickle The,1993,pos
18720,Entrapment,1999,neg
18721,Star Wars: Episode I - The Phantom Menace,1999,pos
18723,Instinct,1999,pos
18724,Cruel Intentions,1999,pos
18726,Cookies Fortune,1999,pos
18727,Instinct,1999,pos
18728,Austin Powers: International Man of Mystery,1997,pos
18729,Notting Hill,1999,pos
1873,Whos the Man?,1993,pos
18730,Death of a Salesman,1985,pos
18731,I Walked with a Zombie,1943,pos
18732,Fish in the Bathtub A,1999,pos
18734,eXistenZ,1999,pos
18735,Crow The,1994,pos
18736,Notting Hill,1999,pos
1874,Visions of Light,1992,pos
18743,Last Night,1998,pos
18744,Pressurecooker,1997,pos
18745,Empire Strikes Back The,1980,pos
18746,Instinct,1999,pos
18747,Mui du du xanh,1993,pos
18748,Shadowlands,1993,pos
18749,Scent of a Woman,1992,pos
1875,Dark Half The,1993,pos
18750,Savage Messiah,1972,pos
18751,Yao a yao yao dao waipo qiao,1995,pos
18752,Searching for Bobby Fischer,1993,pos
18753,Secrets & Lies,1996,pos
18754,Limbo,1999,pos
18755,Ronin,1998,pos
1876,Benny & Joon,1993,pos
18761,Princess Bride The,1987,pos
18762,Limbo,1999,pos
18763,Instinct,1999,pos
18765,Acid House The,1998,pos
18766,Election,1999,pos
18767,Austin Powers: The Spy Who Shagged Me,1999,pos
18768,To Sir with Love,1967,pos
18769,One-Eyed Jacks,1961,pos
18770,Trekkies,1997,pos
18771,Notting Hill,1999,pos
18774,Austin Powers: The Spy Who Shagged Me,1999,pos
18775,Clown at Midnight The,1998,neg
18777,Austin Powers: The Spy Who Shagged Me,1999,pos
18778,Animal House,1978,pos
1878,Bound by Honor,1993,pos
18782,Limbo,1999,pos
18783,Last Samurai The,1990,neg
18784,All the Little Animals,1998,pos
18787,Tian yu,1998,pos
18788,Simply Irresistible,1999,neg
18789,Austin Powers: The Spy Who Shagged Me,1999,pos
1879,Three of Hearts,1993,pos
18790,Austin Powers: The Spy Who Shagged Me,1999,pos
18791,Notting Hill,1999,pos
18792,Piano The,1993,pos
18793,Betrayal of the Dove,1993,neg
18794,Tommyknockers The,1993,pos
18795,Little Man Tate,1991,pos
1880,Night We Never Met The,1993,pos
18801,Austin Powers: The Spy Who Shagged Me,1999,pos
18802,Gigi,1958,pos
18803,Stop Making Sense,1984,pos
18805,Austin Powers: The Spy Who Shagged Me,1999,pos
18806,Star Wars: Episode I - The Phantom Menace,1999,pos
18807,Austin Powers: The Spy Who Shagged Me,1999,pos
18808,Generals Daughter The,1999,pos
1881,Splitting Heirs,1993,pos
18810,Austin Powers: The Spy Who Shagged Me,1999,pos
18811,Limbo,1999,pos
18814,Tea with Mussolini,1999,pos
18816,Besieged,1998,pos
18818,Austin Powers: The Spy Who Shagged Me,1999,pos
1882,Dragon: The Bruce Lee Story,1993,pos
18821,Austin Powers: The Spy Who Shagged Me,1999,pos
18822,Midsummer Nights Dream A,1999,pos
18823,Notting Hill,1999,pos
18824,Abre los ojos,1997,pos
18825,Tea with Mussolini,1999,pos
18826,Star Wars: Episode I - The Phantom Menace,1999,pos
18827,White Heat,1949,pos
18828,American Pie,1999,pos
18829,Playing by Heart,1998,pos
1883,Dave,1993,pos
18831,Prince of Egypt The,1998,pos
18832,Austin Powers: The Spy Who Shagged Me,1999,pos
18834,Analyze This,1999,pos
18838,Apostle The,1997,pos
18839,Austin Powers: The Spy Who Shagged Me,1999,pos
1884,Tango Argentino,1992,pos
18840,Youve Got Mail,1998,pos
18841,Austin Powers: The Spy Who Shagged Me,1999,pos
1885,Intent to Kill,1993,pos
18857,Austin Powers: The Spy Who Shagged Me,1999,pos
18858,Lola rennt,1998,pos
18859,Curve The,1998,pos
1886,Sidekicks,1992,pos
18866,Tarzan,1999,pos
18867,Sea People,1999,pos
18868,Psycho,1998,pos
18869,Return with Honor,1998,pos
1887,Posse,1993,pos
18870,Tarzan,1999,pos
18872,Twister,1996,neg
18873,Gingerbread Man The,1998,pos
18874,No Way Out,1987,pos
18875,Alan Smithee Film: Burn Hollywood Burn An,1997,neg
18876,Home Fries,1998,pos
18877,Go,1999,pos
1888,Udju Azul di Yonta,1992,pos
18880,Sally Marshall Is Not an Alien,1998,pos
18881,42: Forty Two Up,1998,pos
18883,Austin Powers: The Spy Who Shagged Me,1999,pos
18884,Austin Powers: The Spy Who Shagged Me,1999,pos
18885,Star Wars: Episode I - The Phantom Menace,1999,neg
18889,My Bodyguard,1980,pos
1889,Dragon: The Bruce Lee Story,1993,pos
18890,Tarzan,1999,pos
18891,Auntie Mame,1958,pos
18892,Dresser The,1983,pos
18894,Ideal Husband An,1999,pos
18895,Notting Hill,1999,pos
18896,Election,1999,pos
18897,Pleasantville,1998,pos
18898,Big Daddy,1999,pos
1890,Wide Sargasso Sea,1993,pos
18900,Go,1999,pos
18902,Siege The,1998,pos
18903,Enemy of the State,1998,pos
18904,Trekkies,1997,pos
18905,Love & Human Remains,1993,pos
18906,Austin Powers: The Spy Who Shagged Me,1999,pos
1891,Wide Sargasso Sea,1993,pos
18910,Free Enterprise,1998,pos
18911,Devi,1960,pos
18912,Austin Powers: The Spy Who Shagged Me,1999,pos
18913,Charulata,1964,pos
18914,Kanchenjungha,1962,pos
18915,Mia aiwniothta kai mia mera,1998,pos
18916,Aranyer Din Ratri,1970,pos
18917,Generals Daughter The,1999,pos
18918,Austin Powers: The Spy Who Shagged Me,1999,pos
18919,Powder,1995,pos
1892,Dave,1993,pos
18920,Buena Vista Social Club,1999,pos
18921,Castle The,null,pos
18923,Ideal Husband An,1999,pos
18925,Star Wars: Episode I - The Phantom Menace,1999,pos
18926,Fright Night,1985,pos
18927,Tarzan,1999,pos
18928,Generals Daughter The,1999,pos
1893,Dave,1993,pos
18931,Duke Wore Jeans The,1958,pos
18932,Winslow Boy The,1999,pos
18934,Casablanca,1942,pos
18935,Go,1999,neg
18936,Broken Vessels,1998,pos
18937,Gods and Monsters,1998,pos
18939,Austin Powers: The Spy Who Shagged Me,1999,pos
1894,Daybreak,1993,pos
18940,Violon rouge Le,1998,pos
18942,Generals Daughter The,1999,pos
18944,Generals Daughter The,1999,neg
18945,It,1927,pos
18946,Down to the Sea in Ships,1922,pos
18947,My American Cousin,1985,pos
18948,Loss of Sexual Innocence The,1999,pos
18949,Trap The,1966,pos
1895,Watch It,1993,pos
18950,Tarzan,1999,pos
18951,Generals Daughter The,1999,pos
18952,Tarzan,1999,pos
18953,Mahanagar,1963,pos
18954,Jana Aranya,1976,pos
18955,Enemy of the State,1998,neg
18956,Odds Against Tomorrow,1959,pos
18959,Mummy The,1999,pos
1896,Dave,1993,pos
18962,Scream 2,1997,pos
18963,Tarzan,1999,pos
18964,Tarzan,1999,pos
18965,House on Sorority Row The,1983,neg
18966,Big Daddy,1999,pos
18968,Tarzan,1999,pos
1897,Combination Platter,1993,pos
18970,Loss of Sexual Innocence The,1999,pos
18971,Endurance,1998,pos
18973,Terra Nova,1998,pos
18978,Tarzan,1999,pos
18979,Tarzan,1999,pos
1898,Gorilla Bathes at Noon,1993,pos
18982,Tarzan,1999,pos
18983,Matrix The,1999,pos
18984,Winslow Boy The,1999,pos
18985,Tarzan,1999,pos
18986,Generals Daughter The,1999,neg
18989,10 Things I Hate About You,1999,neg
1899,Lektionen in Finsternis,1992,pos
18990,Pillow Book The,1996,pos
18991,Someone to Love,1987,pos
18992,Clockwatchers,1997,pos
18994,Generals Daughter The,1999,pos
18997,Ideal Husband An,1999,pos
18998,Lola rennt,1998,pos
18999,Tarzan,1999,pos
19001,Violon rouge Le,1998,pos
19002,Generals Daughter The,1999,pos
19003,Limbo,1999,pos
19004,Limbo,1999,pos
19005,Zebrahead,1992,pos
19006,Nekromantik,1987,pos
19007,When the Partys Over,1992,pos
19008,First of May The,2000,pos
19009,Good Will Hunting,1997,pos
1901,Tombeau dAlexandre Le,1992,pos
19010,Tarzan,1999,pos
19011,Winslow Boy The,1999,pos
19012,Limbo,1999,pos
19013,Tarzan,1999,pos
19015,Generals Daughter The,1999,neg
19016,Desert Blue,1998,pos
19017,Tarzan,1999,pos
19018,L.A. Confidential,1997,pos
19019,Big Daddy,1999,pos
1902,Tito i ja,1992,pos
19020,Matrix The,1999,pos
19021,Doctor Dolittle,1998,pos
19023,Violon rouge Le,1998,pos
19024,Generals Daughter The,1999,neg
19026,Shiloh 2: Shiloh Season,1999,pos
19028,American Pie,1999,pos
19029,Tarzan,1999,pos
1903,Glocken aus der Tiefe,1993,pos
19031,Golden Disc The,1958,pos
19032,Mummy The,1999,pos
19033,Austin Powers: The Spy Who Shagged Me,1999,pos
19034,Generals Daughter The,1999,pos
19035,This Is Elvis,1981,pos
19038,Scream,1996,pos
19039,Charley Moon,1956,pos
1904,Tonari no Totoro,1988,pos
19040,Big Daddy,1999,neg
19041,Summer of Sam,1999,pos
19044,Inn of the Sixth Happiness The,1958,pos
19045,South Park: Bigger Longer and Uncut,1999,pos
19046,Generals Daughter The,1999,neg
19048,Blair Witch Project The,1999,pos
19049,Big Daddy,1999,pos
1905,Man to Man,1992,pos
19050,Billy Madison,1995,pos
19051,Johnny Mnemonic,1995,neg
19053,Three Faces of Eve The,1957,pos
19054,Cat on a Hot Tin Roof,1958,pos
19055,Austin Powers: The Spy Who Shagged Me,1999,pos
19056,Big Daddy,1999,pos
19057,My Name Is Joe,1998,pos
19058,Hurlyburly,1998,pos
19059,Nobodys Fool,1994,pos
1906,Orlando,1992,pos
19062,Limbo,1999,pos
19063,WADD: The Life and Times of John C. Holmes,1998,pos
19064,Violon rouge Le,1998,pos
19065,Tarzan,1999,pos
19066,Big Daddy,1999,pos
19067,Stop the World: I Want to Get Off,1966,pos
1907,Glocken aus der Tiefe,1993,pos
19073,When We Were Kings,1996,pos
19074,Big Carnival The,1951,pos
19078,Big Daddy,1999,neg
19079,Mr. Jones,1993,pos
1908,Lost in Yonkers,1993,pos
19080,Schindlers List,1993,pos
19081,Night of the Running Man,1994,pos
19082,Summer of Sam,1999,pos
19083,Arctic Blue,1993,pos
19084,Midsummer Nights Dream A,1999,pos
1909,Lost in Yonkers,1993,pos
19092,Wild Wild West,1999,pos
19093,Adams Rib,1949,pos
19094,Adventures of Priscilla Queen of the Desert The,1994,pos
19095,Affair to Remember An,1957,pos
19096,African Queen The,1951,pos
19098,American History X,1998,pos
19099,Arsenic and Old Lace,1944,pos
1910,House of Cards,1993,pos
19101,Birds The,1963,pos
19103,African Queen The,1951,pos
19104,Hurlyburly,1998,pos
19105,Woman of the Year,1942,pos
19106,South Park: Bigger Longer and Uncut,1999,pos
1911,Excessive Force,1992,neg
19114,Mary & Tim,1996,pos
19116,Violon rouge Le,1998,pos
19117,Wild Wild West,1999,neg
19118,South Park: Bigger Longer and Uncut,1999,pos
19119,Tarzan,1999,pos
1912,Posse,1993,pos
19120,Lola rennt,1998,pos
19122,South Park: Bigger Longer and Uncut,1999,pos
19123,American Pie,1999,pos
19124,Star Wars,1977,pos
19125,Return of the Jedi,1983,pos
19126,Wild Wild West,1999,neg
19129,American Pie,1999,pos
1913,Posse,1993,pos
19130,Matrix The,1999,pos
19131,Unforgiven,1992,pos
19132,Arlington Road,1999,pos
19133,South Park: Bigger Longer and Uncut,1999,pos
19135,Wild Wild West,1999,neg
19136,Kings Rhapsody,1955,pos
19137,South Park: Bigger Longer and Uncut,1999,pos
19138,Walk on the Moon A,1999,pos
19139,Never Been Kissed,1999,pos
1914,Map of the Human Heart,1992,pos
19141,Perfect Murder A,1998,pos
19143,Arlington Road,1999,pos
19144,Wild Wild West,1999,pos
19148,Forever Fever,1998,pos
1915,Sommersby,1993,pos
19151,South Park: Bigger Longer and Uncut,1999,pos
19152,Wild Wild West,1999,neg
19153,Summer of Sam,1999,pos
1916,Sliver,1993,pos
19160,Waking Ned Devine,1998,pos
19161,Wild Wild West,1999,pos
19162,Tarzan,1999,pos
19164,Summer of Sam,1999,pos
19166,South Park: Bigger Longer and Uncut,1999,pos
19167,Arlington Road,1999,pos
19168,Summer of Sam,1999,pos
1917,Much Ado About Nothing,1993,pos
19170,Diary of a Hit Man,1991,pos
19174,Austin Powers: The Spy Who Shagged Me,1999,pos
19175,American History X,1998,pos
19178,Summer of Sam,1999,pos
19179,Contact,1997,pos
1918,Much Ado About Nothing,1993,pos
19181,Wild Wild West,1999,neg
19182,Summer of Sam,1999,pos
19183,Love Letter The,1999,pos
19184,eXistenZ,1999,pos
19185,Tea with Mussolini,1999,pos
19186,Winslow Boy The,1999,pos
19187,Double Platinum,1999,pos
19188,Summer of Sam,1999,pos
19189,South Park: Bigger Longer and Uncut,1999,pos
1919,Glengarry Glen Ross,1992,pos
19190,Summer of Sam,1999,pos
19191,Summer of Sam,1999,pos
19192,South Park: Bigger Longer and Uncut,1999,pos
19193,Lebenszeichen,1968,pos
19194,Matrix The,1999,pos
19196,South Park: Bigger Longer and Uncut,1999,pos
19199,Big Daddy,1999,pos
1920,Sliver,1993,pos
19207,Wild Wild West,1999,neg
19208,South Park: Bigger Longer and Uncut,1999,pos
19209,Patton,1970,pos
1921,Cliffhanger,1993,pos
19210,Wild Wild West,1999,neg
19211,Entrapment,1999,pos
19212,Passion,1999,pos
19213,Summer of Sam,1999,pos
19215,South Park: Bigger Longer and Uncut,1999,pos
19216,Natural The,1984,pos
19217,Cant Hardly Wait,1998,pos
19218,Summer of Sam,1999,pos
19219,Notting Hill,1999,pos
1922,Cliffhanger,1993,neg
19220,American Pie,1999,pos
19221,Big Daddy,1999,pos
19223,Shakespeare in Love,1998,pos
19224,Summer of Sam,1999,pos
19227,Ideal Husband An,1999,pos
19228,King and I The,1999,pos
19229,South Park: Bigger Longer and Uncut,1999,pos
19231,American Pie,1999,pos
19232,Lake Placid,1999,pos
19233,Castle The,null,pos
19234,My Son the Fanatic,1998,pos
19235,Blair Witch Project The,1999,pos
19238,Thief of Bagdad The,1940,pos
1924,Blue,1992,pos
19242,American Pie,1999,pos
19243,Lola rennt,1998,pos
19244,Haunting The,1963,pos
19245,Blair Witch Project The,1999,pos
19246,Wild Wild West,1999,neg
19247,Arlington Road,1999,pos
19248,Generals Daughter The,1999,neg
1925,Made in America,1993,pos
19252,South Park: Bigger Longer and Uncut,1999,pos
19253,South Park: Bigger Longer and Uncut,1999,pos
19254,Zbogum na dvadesetiot vek,1998,pos
19255,Im Losing You,1998,pos
19256,American Pie,1999,pos
19257,Head On,1998,pos
19259,American Pie,1999,pos
1926,Bodies Rest & Motion,1993,pos
19260,Lake Placid,1999,pos
19262,Arlington Road,1999,pos
19263,American Pie,1999,pos
19264,Love Letter The,1999,pos
19265,Generals Daughter The,1999,pos
19266,Cube,1997,pos
19268,Maytime in Mayfair,1949,pos
1927,Menace II Society,1993,pos
19270,Simple Plan A,1998,pos
19271,Zombie! vs. Mardi Gras,1999,neg
19273,Roman Holiday,1953,pos
19274,Go,1999,pos
19275,Mummy The,1999,pos
19276,Lethal Weapon 4,1998,pos
19279,Ive Gotta Horse,1965,pos
1928,Menace II Society,1993,pos
19280,American Pie,1999,pos
19282,Blair Witch Project The,1999,pos
19283,Arlington Road,1999,pos
19284,Times of Harvey Milk The,1984,pos
19285,Two Girls and a Guy,1997,pos
19286,South Park: Bigger Longer and Uncut,1999,pos
19287,Psycho,1998,pos
19288,Waking Ned Devine,1998,pos
19289,Shakespeare in Love,1998,pos
1929,Praying with Anger,1992,pos
19291,American Pie,1999,pos
19294,Muppets From Space,1999,pos
19295,American Pie,1999,pos
19296,This Is My Father,null,pos
19298,Repo Man,1984,neg
19299,Summer of Sam,1999,pos
1930,Super Mario Bros.,1993,pos
19300,Winslow Boy The,1999,pos
19301,Pi,1998,pos
19302,Fresh Air,1999,pos
19303,Last Days The,1998,pos
19304,Urban Legend,1998,pos
19305,Ideal Husband An,1999,pos
19306,American Pie,1999,pos
1931,Much Ado About Nothing,1993,pos
19310,Arlington Road,1999,pos
19311,American Pie,1999,neg
19312,Lola rennt,1998,pos
19314,Men Cry Bullets,1997,pos
19316,Violon rouge Le,1998,pos
19317,Crna macka beli macor,1998,pos
19318,Wild Wild West,1999,neg
1932,Hot Shots! Part Deux,1993,pos
19320,This Is My Father,null,pos
19323,South Park: Bigger Longer and Uncut,1999,pos
19324,Arlington Road,1999,pos
19325,Tarzan,1999,pos
19326,Austin Powers: The Spy Who Shagged Me,1999,pos
19327,Wild Wild West,1999,neg
19329,Wood The,1999,pos
1933,Hot Shots! Part Deux,1993,pos
19332,Summer of Sam,1999,pos
19335,Arlington Road,1999,pos
19336,Summer of Sam,1999,pos
19337,Man with the Golden Gun The,1974,neg
19339,Lake Placid,1999,pos
1934,Life with Mikey,1993,pos
19340,I Woke Up Early the Day I Died,1998,pos
19341,Election,1999,pos
19342,Lola rennt,1998,pos
19343,South Park: Bigger Longer and Uncut,1999,pos
19345,Conspiracy Theory,1997,neg
19346,Eyes Wide Shut,1999,pos
19349,Lake Placid,1999,pos
1935,Much Ado About Nothing,1993,pos
19350,Eyes Wide Shut,1999,pos
19351,South Park: Bigger Longer and Uncut,1999,pos
19352,Drop Dead Gorgeous,1999,pos
19353,Muppets From Space,1999,pos
19355,Summer of Sam,1999,pos
19358,Instinct,1999,pos
19359,Muppets From Space,1999,pos
1936,West of Zanzibar,1928,pos
19360,Eyes Wide Shut,1999,pos
19361,Shall We Dansu?,1996,pos
19362,How the West Was Won,1962,pos
19366,Matrix The,1999,pos
19368,Lucie Aubrac,1997,pos
19369,Wood The,1999,pos
1937,Guilty as Sin,1993,pos
19370,Austin Powers: The Spy Who Shagged Me,1999,neg
19371,American Pie,1999,pos
19373,Very Bad Things,1998,neg
19374,Lake Placid,1999,pos
19375,Eyes Wide Shut,1999,pos
19377,Wood The,1999,pos
19378,Blair Witch Project The,1999,pos
19379,Prophecy The,1995,pos
1938,Cliffhanger,1993,pos
19380,Limey The,1999,pos
19382,Blair Witch Project The,1999,pos
19384,Blair Witch Project The,1999,pos
19385,Prophecy II The,1998,pos
19387,Out-of-Towners The,1999,pos
19389,South Park: Bigger Longer and Uncut,1999,pos
1939,Super Mario Bros.,1993,pos
19390,Eyes Wide Shut,1999,pos
19391,South Park: Bigger Longer and Uncut,1999,pos
19392,What Becomes of the Broken Hearted?,1999,pos
19395,Wood The,1999,pos
19396,Eyes Wide Shut,1999,pos
19397,Scream,1996,pos
19398,Eyes Wide Shut,1999,pos
19399,Casablanca,1942,pos
1940,Quest for Love,1971,pos
19402,American Pie,1999,pos
19403,Generals Daughter The,1999,neg
19405,Wes Cravens New Nightmare,1994,pos
1941,Dragon: The Bruce Lee Story,1993,pos
19411,Eyes Wide Shut,1999,pos
19412,Ideal Husband An,1999,pos
19413,Lake Placid,1999,neg
19414,Summer of Sam,1999,pos
19415,Bride of Frankenstein,1935,pos
19416,Empire of the Sun,1987,pos
19417,Blair Witch Project The,1999,neg
1942,Guilty as Sin,1993,pos
19420,Titanic,1997,pos
19421,In the Company of Men,1997,pos
19422,L.A. Confidential,1997,pos
19423,Crash,1996,pos
19424,Deconstructing Harry,1997,pos
19425,Sweet Hereafter The,1997,pos
19429,American Pie,1999,pos
1943,Qiu Ju da guan si,1992,pos
19430,Billys Hollywood Screen Kiss,1998,pos
19431,Outside Ozona,1998,pos
19432,Implicated,1998,pos
19433,Remembering the Cosmos Flower,1998,pos
19434,Lost Highway,1997,pos
19435,American Pie,1999,pos
19436,Titanic,1997,pos
1944,Whats Love Got to Do with It,1993,pos
19440,Eyes Wide Shut,1999,pos
19441,Mascara,1999,pos
19443,Eyes Wide Shut,1999,pos
19444,Eyes Wide Shut,1999,pos
19445,Wood The,1999,pos
19447,Ministry of Fear,1944,pos
19448,Adventures of Robin Hood The,1938,pos
19449,Perfect Blue,null,pos
1945,Jurassic Park,1993,pos
19450,Drop Dead Gorgeous,1999,pos
19451,Virtual Sexuality,1999,neg
19452,Thin Line Between Love and Hate A,1996,neg
19453,Perfect Blue,null,pos
19455,Lola rennt,1998,pos
19456,Andromeda Strain The,1971,pos
19457,Haunting The,1999,neg
19458,Drop Dead Gorgeous,1999,pos
19459,UHF,1989,pos
1946,Jurassic Park,1993,pos
19461,Midsummer Nights Dream A,1999,pos
19465,Runaway Bride,1999,pos
19466,Arlington Road,1999,pos
19467,South Park: Bigger Longer and Uncut,1999,pos
19468,States of Control,1998,pos
19469,Little Bit of Soul A,1998,pos
1947,Jurassic Park,1993,pos
19470,Illuminata,1998,pos
19472,Haunting The,1999,pos
19473,Star Wars: Episode I - The Phantom Menace,1999,pos
19474,Entrapment,1999,pos
19475,Haunting The,1999,pos
19477,Lake Placid,1999,pos
19478,Muppets From Space,1999,pos
19479,Lake Placid,1999,neg
1948,Jurassic Park,1993,pos
19482,Jawbreaker,1999,neg
19483,My Son the Fanatic,1998,pos
19484,Big Daddy,1999,pos
19485,Drop Dead Gorgeous,1999,pos
19486,Lola rennt,1998,pos
19487,Wild Wild West,1999,neg
19489,Amistad,1997,pos
1949,Jurassic Park,1993,pos
19490,Saving Private Ryan,1998,pos
19491,South Park: Bigger Longer and Uncut,1999,pos
19492,Varsity Blues,1999,neg
19493,Hole in the Head A,1998,pos
19494,Soft Toilet Seats,1999,pos
19496,Rashomon,1950,pos
19497,Man with the Golden Arm The,1955,pos
19499,Haunting The,1999,pos
1950,Jurassic Park,1993,neg
19500,Haunting The,1999,pos
19501,Holy Man,1998,neg
19502,Virus,1999,neg
19503,Mallrats,1995,pos
19504,Matrix The,1999,pos
19505,Faculty The,1998,pos
19506,Antz,1998,pos
19507,Grande illusion La,1937,pos
19508,Stiff Upper Lips,1998,pos
19509,Adventures of Sebastian Cole The,1998,pos
1951,Cliffhanger,1993,neg
19510,Koyaanisqatsi,1983,pos
19511,American Pie,1999,pos
19512,Big Daddy,1999,neg
19513,Haunting The,1999,neg
19514,Drop Dead Gorgeous,1999,pos
19515,Ju Dou,1990,pos
19517,Haunting The,1999,pos
19518,Inspector Gadget,1999,neg
1952,Pope of Utah The,1993,pos
19520,Big Lebowski The,1998,pos
19521,Pushing Tin,1999,pos
19522,Without Limits,1998,pos
19524,Tea with Mussolini,1999,pos
19527,Haunting The,1999,pos
19528,Batman & Robin,1997,neg
19529,Trick,1999,pos
1953,Incident at Oglala,1992,pos
19531,Wood The,1999,pos
19533,Inspector Gadget,1999,neg
19534,Thomas Crown Affair The,1999,pos
19535,Two Hands,1999,pos
19536,Thomas Crown Affair The,1999,pos
19537,Drop Dead Gorgeous,1999,pos
19539,Drop Dead Gorgeous,1999,pos
1954,Whats Love Got to Do with It,1993,pos
19540,Inspector Gadget,1999,neg
19541,Drop Dead Gorgeous,1999,pos
19542,Eyes Wide Shut,1999,pos
19544,Haunting The,1999,pos
19545,Lake Placid,1999,pos
19546,Eyes Wide Shut,1999,neg
19547,Lake Placid,1999,neg
19549,Martha Meet Frank Daniel and Laurence,1998,pos
1955,Jurassic Park,1993,pos
19550,42: Forty Two Up,1998,pos
19551,Deep Blue Sea,1999,pos
19552,Alive,1993,pos
19553,Big Daddy,1999,neg
19554,Do Me a Favor,1997,neg
19555,Inspector Gadget,1999,neg
19556,Mind Games,1996,pos
19557,Serial Mom,1994,pos
19558,Tarzan,1999,pos
1956,Jurassic Park,1993,pos
19560,Quest for Camelot,1998,neg
19561,Cube,1997,pos
19562,Lola rennt,1998,pos
19563,South Park: Bigger Longer and Uncut,1999,pos
19564,Quest for Camelot,1998,pos
19565,Civil Action A,1998,pos
19566,Simple Plan A,1998,pos
19567,Star Wars: Episode I - The Phantom Menace,1999,pos
19568,South Park: Bigger Longer and Uncut,1999,pos
19569,Eyes Wide Shut,1999,pos
1957,Beyond the Valley of the Dolls,1970,pos
19572,Breakfast at Tiffanys,1961,pos
19573,Good Will Hunting,1997,pos
19574,Ice Storm The,1997,pos
19575,Boogie Nights,1997,pos
19576,Kundun,1997,pos
19577,Sick: The Life & Death of Bob Flanagan Supermasochist,1997,pos
19578,People vs. Larry Flynt The,1996,pos
19579,Mars Attacks!,1996,pos
1958,Doppelganger,1993,neg
19580,Dressed to Kill,1980,pos
19581,Haunting The,1999,pos
19582,Ode to Billy Joe,1976,pos
19584,Rosemarys Baby,1968,pos
19585,Runaway Bride,1999,pos
19587,Haunting The,1999,neg
19590,Haunting The,1999,pos
19592,Varsity Blues,1999,neg
19595,Eyes Wide Shut,1999,pos
19596,Bian Lian,1996,pos
19597,Ideal Husband An,1999,pos
19598,Arlington Road,1999,pos
19599,Wandafuru raifu,1998,pos
19600,Interview with the Vampire: The Vampire Chronicles,1994,pos
19602,Deep Blue Sea,1999,pos
19603,Panic in Needle Park The,1971,pos
19604,Lake Placid,1999,pos
19605,Inspector Gadget,1999,neg
19606,Lake Placid,1999,pos
19607,Deep Blue Sea,1999,pos
19608,Outside Providence,1999,pos
19609,Telling You,1998,pos
1961,Last Action Hero,1993,pos
19610,Shiloh 2: Shiloh Season,1999,pos
19611,24 Hour Woman The,1999,pos
19612,Free Enterprise,1998,pos
19613,American Pie,1999,pos
19614,Sixth Sense The,1999,pos
19615,Haunting The,1999,pos
19616,Hsing hsing wang,1977,pos
19617,Feng yun,1998,pos
19619,Haunting The,1999,pos
1962,Frankenstein,1993,pos
19620,Deep Blue Sea,1999,pos
19625,Gambler The,1997,pos
19626,Lassie Come Home,1943,pos
19627,Governess The,1998,pos
1963,Un coeur en hiver,1992,pos
19631,Deep Blue Sea,1999,pos
19632,Shiloh 2: Shiloh Season,1999,pos
19633,Inspector Gadget,1999,neg
19634,American Pie,1999,pos
19636,L-Shaped Room The,1963,pos
19638,Better Than Chocolate,1999,pos
19639,Gamera 3: Iris kakusei,1999,pos
1964,Cliffhanger,1993,neg
19640,Runaway Bride,1999,pos
19641,Blair Witch Project The,1999,pos
19642,Deep Blue Sea,1999,neg
19643,Eyes Wide Shut,1999,pos
19647,Blair Witch Project The,1999,pos
19648,South Park: Bigger Longer and Uncut,1999,pos
19649,Eyes Wide Shut,1999,pos
1965,Sleepless in Seattle,1993,pos
19650,Illuminata,1998,pos
19651,Wood The,1999,pos
19652,Tian yu,1998,pos
19654,Summer of Sam,1999,pos
19656,Arlington Road,1999,pos
19657,Lucie Aubrac,1997,pos
19658,Star Wars: Episode I - The Phantom Menace,1999,pos
1966,Sleepless in Seattle,1993,pos
19662,Thomas Crown Affair The,1999,pos
19663,Iron Giant The,1999,pos
19665,Dick,1999,pos
19666,Pretty Woman,1990,pos
19667,Deep Blue Sea,1999,pos
19668,Eyes Wide Shut,1999,pos
19669,Star Wars: Episode I - The Phantom Menace,1999,pos
1967,Son in Law,1993,pos
19670,Austin Powers: The Spy Who Shagged Me,1999,pos
19671,Deep Blue Sea,1999,neg
19672,Violon rouge Le,1998,pos
19675,I Still Know What You Did Last Summer,1998,neg
19676,Runaway Bride,1999,pos
19678,Deep Blue Sea,1999,pos
1968,Once Upon a Forest,1993,pos
19685,Drop Dead Gorgeous,1999,pos
19686,Sand Pebbles The,1966,pos
19687,John Updike: In His Own Words,1997,pos
19688,Deep Blue Sea,1999,pos
1969,Last Action Hero,1993,neg
19690,Runaway Bride,1999,pos
19692,Twin Falls Idaho,1999,pos
19693,Inspector Gadget,1999,neg
19694,Haunting The,1999,pos
19695,Blair Witch Project The,1999,pos
19696,Eyes Wide Shut,1999,pos
19698,Blair Witch Project The,1999,pos
19699,Anna and the King of Siam,1946,pos
1970,Jurassic Park,1993,pos
19700,Iron Giant The,1999,pos
19701,Runaway Bride,1999,pos
19702,Baby Dance The,1998,pos
19703,Haunting The,1999,pos
19704,Inspector Gadget,1999,neg
19705,Lake Placid,1999,pos
19706,Deep Blue Sea,1999,pos
19707,Iron Giant The,1999,pos
19708,Haunting The,1999,pos
19709,Runaway Bride,1999,pos
1971,Cliffhanger,1993,neg
19711,Dick,1999,pos
1972,Hot Shots! Part Deux,1993,pos
19725,Sixth Sense The,1999,pos
19726,Ghost and Mr. Chicken The,1965,pos
19727,Arlington Road,1999,pos
19728,Sixth Sense The,1999,pos
1973,Jurassic Park,1993,pos
19731,Thomas Crown Affair The,1999,pos
19732,Lawrence of Arabia,1962,pos
19734,Iron Giant The,1999,pos
19735,Mystery Men,1999,pos
19737,Parapluies de Cherbourg Les,1964,pos
1974,Dennis the Menace,1993,pos
19742,Iron Giant The,1999,pos
19748,Arlington Road,1999,pos
1975,Sofie,1992,pos
19750,Haunting The,1999,neg
19753,Blair Witch Project The,1999,neg
19754,Devils Advocate The,1997,pos
19755,Haunting The,1999,pos
19756,Nobody,1999,pos
19757,Blair Witch Project The,1999,pos
19759,Fiddler on the Roof,1971,pos
1976,Un coeur en hiver,1992,pos
19761,Born on the Fourth of July,1989,pos
19763,Citizen Kane,1941,pos
19764,Sugarland Express The,1974,pos
19765,Sleepless in Seattle,1993,pos
19766,Welcome to the Dollhouse,1995,pos
19768,Hannah and Her Sisters,1986,pos
1977,Sleepless in Seattle,1993,pos
19771,Age of Innocence The,1993,pos
19772,Violon rouge Le,1998,pos
19773,Deep Blue Sea,1999,pos
19774,Sixth Sense The,1999,pos
19775,Iron Giant The,1999,pos
19777,Blair Witch Project The,1999,pos
19779,Thomas Crown Affair The,1999,pos
1978,Sleepless in Seattle,1993,pos
19780,Austin Powers: The Spy Who Shagged Me,1999,neg
19784,Rage: Carrie 2 The,1999,pos
19785,Corruptor The,1999,pos
19786,Idle Hands,1999,pos
19787,Election,1999,pos
1979,Sleepless in Seattle,1993,pos
19791,Tarzan,1999,pos
19792,Shes All That,1999,pos
19794,From Dusk Till Dawn 2: Texas Blood Money,1999,pos
19795,Eyes Wide Shut,1999,pos
19796,Arlington Road,1999,pos
19799,Deep Blue Sea,1999,pos
1980,Orlando,1992,pos
19800,Bowfinger,1999,pos
19801,Brokedown Palace,1999,pos
19802,Dick,1999,pos
19803,Blair Witch Project The,1999,pos
19804,Drop Dead Gorgeous,1999,pos
19806,Blair Witch Project The,1999,pos
19807,Runaway Bride,1999,pos
1981,Firm The,1993,pos
19811,Haunting The,1999,pos
19813,Deep Blue Sea,1999,pos
19815,Thomas Crown Affair The,1999,pos
19818,Iron Giant The,1999,pos
19819,Thomas Crown Affair The,1999,pos
1982,Firm The,1993,pos
19820,Bowfinger,1999,pos
19821,Runaway Bride,1999,pos
19822,Deep Blue Sea,1999,pos
19825,Drop Dead Gorgeous,1999,pos
19826,Haunting The,1999,neg
19827,Dick,1999,pos
19828,Trance,null,pos
19829,Big Daddy,1999,pos
1983,Whats Love Got to Do with It,1993,pos
19831,American Pie,1999,pos
19832,Ideal Husband An,1998,pos
19833,Thomas Crown Affair The,1999,pos
19838,Sixth Sense The,1999,pos
1984,Orlando,1992,pos
19840,Eyes Wide Shut,1999,pos
19841,Review for,null,pos
19842,Lake Placid,1999,pos
19844,Sweethearts,1996,pos
19845,Stir of Echoes,1999,pos
19846,Dog Park,1998,pos
19847,Sixth Sense The,1999,pos
1985,Okoge,1992,pos
19850,Trekkies,1997,pos
19851,Teaching Mrs. Tingle,1999,neg
19853,In Too Deep,1999,pos
19854,eXistenZ,1999,pos
19855,Eyes Wide Shut,1999,pos
19856,Sixth Sense The,1999,pos
19858,Thomas Crown Affair The,1999,pos
19859,Sixth Sense The,1999,pos
1986,Firm The,1993,pos
19860,Iron Giant The,1999,pos
19861,Dick,1999,pos
19862,Wings of the Dove The,1997,pos
19863,Ice Storm The,1997,pos
19864,Thomas Crown Affair The,1999,pos
19865,Iron Giant The,1999,pos
19866,Thomas Crown Affair The,1999,pos
19867,Deep Blue Sea,1999,neg
19868,Mystery Men,1999,pos
1987,Firm The,1993,pos
19871,Mystery Men,1999,neg
19872,Sixth Sense The,1999,pos
19873,South Park: Bigger Longer and Uncut,1999,pos
19874,Wild Wild West,1999,neg
19876,Eyes Wide Shut,1999,pos
19877,Tokyo orimpikku,1965,pos
19879,Runaway Bride,1999,pos
1988,In the Line of Fire,1993,pos
19881,Blair Witch Project The,1999,pos
19882,South Park: Bigger Longer and Uncut,1999,pos
19883,Mystery Men,1999,pos
19884,Thomas Crown Affair The,1999,neg
1989,Un coeur en hiver,1992,pos
19892,Bowfinger,1999,pos
19893,Dick,1999,pos
19894,Mystery Men,1999,neg
19896,Swiri,1999,pos
19897,Apt Pupil,1998,pos
19898,Blair Witch Project The,1999,pos
19899,Sixth Sense The,1999,pos
1990,Rookie of the Year,1993,pos
19900,Lola rennt,1998,pos
19901,Arlington Road,1999,pos
19902,2001: A Space Odyssey,1968,pos
19903,Mystery Men,1999,pos
19904,2010,1984,pos
19906,Aliens,1986,pos
19909,Blair Witch Project The,1999,pos
1991,Weekend at Bernies II,1993,neg
19911,Sixth Sense The,1999,pos
19913,Blair Witch Project The,1999,pos
19914,Twin Falls Idaho,1999,pos
19915,Teaching Mrs. Tingle,1999,pos
19917,Star Wars: Episode I - The Phantom Menace,1999,pos
1992,I Know Where Im Going!,1945,pos
19921,Bowfinger,1999,pos
19925,Dick,1999,pos
19926,Mystery Men,1999,neg
19927,Iron Giant The,1999,pos
19928,Thomas Crown Affair The,1999,pos
19929,Blair Witch Project The,1999,pos
1993,Last Action Hero,1993,pos
19934,Iceman Cometh The,1973,pos
19935,Brokedown Palace,1999,pos
19936,Detroit Rock City,1999,pos
1994,Herman,1990,pos
19946,Deep Blue Sea,1999,pos
19948,Detroit Rock City,1999,pos
1995,Mariachi El,1992,pos
19950,Sixth Sense The,1999,pos
19952,Detroit Rock City,1999,pos
19954,Adventures of Sebastian Cole The,1998,pos
19955,Jenseits der Stille,1996,pos
19956,Star Is Born A,1937,pos
19957,Fear and Loathing in Las Vegas,1998,neg
19958,Siege The,1998,pos
19959,Blair Witch Project The,1999,pos
1996,Motorama,1992,neg
19962,Dancer Texas Pop. 81,1998,pos
19966,Twin Falls Idaho,1999,pos
19967,Trick,1999,pos
19968,Sixth Sense The,1999,pos
19969,Haunting The,1999,pos
1997,In the Line of Fire,1993,pos
19971,Guinevere,1999,pos
19972,Thomas Crown Affair The,1999,pos
19973,King and I The,1999,neg
19974,Leila,1996,pos
19975,Brokedown Palace,1999,pos
19976,Bowfinger,1999,pos
19977,Bowfinger,1999,pos
19978,Brokedown Palace,1999,pos
1998,In the Line of Fire,1993,pos
19980,Sixth Sense The,1999,pos
19981,Mystery Men,1999,pos
19982,Blair Witch Project The,1999,pos
19983,Blair Witch Project The,1999,pos
19984,Detroit Rock City,1999,neg
19985,Sixth Sense The,1999,pos
19986,Brokedown Palace,1999,pos
19987,Life,1999,pos
19988,Universal Soldier: The Return,1999,neg
1999,In the Line of Fire,1993,pos
19990,Man Who Shot Liberty Valance The,1962,pos
19991,Brokedown Palace,1999,pos
19992,Lake Placid,1999,pos
19993,Bacheha-Ye aseman,1997,pos
19995,Ghosts of Mississippi,1996,pos
19996,Brokedown Palace,1999,pos
19997,Detroit Rock City,1999,neg
19998,Blair Witch Project The,1999,pos
20001,Deep End of the Ocean The,1999,pos
20003,Native Son,1950,pos
20004,Love etc.,1996,pos
20007,Brokedown Palace,1999,pos
20008,Star Trek: First Contact,1996,pos
20009,Metroland,1997,pos
2001,Last Action Hero,1993,neg
20010,Perfect Murder A,1998,pos
20011,Deep Blue Sea,1999,pos
20012,Lost in Space,1998,pos
20013,Strada La,1954,pos
20014,Deep Blue Sea,1999,neg
20015,Detroit Rock City,1999,neg
20016,Sixth Sense The,1999,pos
20017,Blair Witch Project The,1999,pos
20018,Lola rennt,1998,pos
20020,Mystery Men,1999,pos
20022,Twilight,1998,neg
20023,Bowfinger,1999,pos
20024,Big Daddy,1999,pos
20025,Thomas Crown Affair The,1999,pos
20026,Playing by Heart,1998,pos
20027,My Name Is Joe,1998,pos
20028,Bowfinger,1999,pos
20029,Bulworth,1998,pos
2003,Twist,1992,pos
20030,Notorious,1946,pos
20033,Teaching Mrs. Tingle,1999,pos
20034,Thomas Crown Affair The,1999,pos
20035,Muppets From Space,1999,pos
20036,Mystery Men,1999,pos
20037,Mickey Blue Eyes,1999,pos
20039,Yeogo Goedam,1998,pos
2004,Free Willy,1993,pos
20045,Mystery Men,1999,pos
20047,Sixth Sense The,1999,pos
20048,Love Stinks,1999,pos
20049,Jackie Brown,1997,pos
2005,Another Stakeout,1993,pos
20050,Iron Giant The,1999,pos
20051,Sixth Sense The,1999,pos
20053,8MM,1999,neg
20054,Cruel Intentions,1999,pos
20055,Ghostbusters II,1989,pos
20056,Mystery Men,1999,pos
20058,Blair Witch Project The,1999,pos
2006,Hocus Pocus,1993,neg
20060,Wes Cravens New Nightmare,1994,pos
20062,Summertime,1955,pos
20063,Killer: A Journal of Murder,1996,pos
20064,Hamlet,1996,pos
20065,English Patient The,1996,pos
20066,Apostle The,1997,pos
20067,Men in Black,1997,pos
20068,Ulees Gold,1997,pos
20069,Spanish Prisoner The,1997,pos
2007,Free Willy,1993,pos
20072,X Files The,1998,pos
20076,Splendor,1999,pos
2008,Benefit of the Doubt,1993,pos
20087,Teaching Mrs. Tingle,1999,pos
20089,Teaching Mrs. Tingle,1999,neg
20090,Bacheha-Ye aseman,1997,pos
20091,Matrix The,1999,pos
20092,eXistenZ,1999,pos
20095,Mystery Men,1999,neg
20096,Bowfinger,1999,pos
20097,Mr. Blandings Builds His Dream House,1948,pos
2010,Fatale,1992,pos
20101,Twin Falls Idaho,1999,pos
20102,Muse The,1999,pos
20105,Dick,1999,pos
20106,Muse The,1999,pos
20109,Bowfinger,1999,pos
2011,Jurassic Park,1993,pos
20112,Bowfinger,1999,pos
20114,Iron Giant The,1999,pos
20115,Sixth Sense The,1999,pos
20117,Hi-Lo Country The,1998,pos
20118,Illuminata,1998,pos
20119,Brokedown Palace,1999,pos
2012,Much Ado About Nothing,1993,pos
20121,Mickey Blue Eyes,1999,pos
20123,Steel,1997,pos
20124,Teaching Mrs. Tingle,1999,pos
20125,Idioterne,1998,pos
20128,Start the Revolution Without Me,1970,pos
2013,I Know What I Want,null,pos
20131,10 Things I Hate About You,1999,pos
20133,X Files The,1998,pos
20136,Mickey Blue Eyes,1999,pos
20137,Who Framed Roger Rabbit,1988,pos
20138,In Dreams,1999,pos
2014,Anchoress,1993,pos
20140,Mickey Blue Eyes,1999,pos
20141,Teaching Mrs. Tingle,1999,pos
20142,M,1931,pos
20143,Teaching Mrs. Tingle,1999,pos
20144,Xanadu,1980,pos
20145,Return to Oz,1985,pos
20146,Mickey Blue Eyes,1999,pos
20147,Universal Soldier: The Return,1999,neg
20148,Dog of Flanders A,1999,pos
2015,Beyond the Valley of the Dolls,1970,pos
20150,Sunset Blvd.,1950,pos
20151,Dog of Flanders A,1999,pos
20152,Muse The,1999,pos
20153,Iron Giant The,1999,pos
20154,Bowfinger,1999,pos
20155,Truman Show The,1998,pos
20156,Snake Eyes,1998,pos
20157,U Turn,1997,pos
20158,Haunting The,1999,pos
2016,So I Married an Axe Murderer,1993,pos
20165,Mystery Men,1999,neg
20166,Detroit Rock City,1999,pos
20167,Mickey Blue Eyes,1999,pos
20168,Teaching Mrs. Tingle,1999,neg
20169,Mickey Blue Eyes,1999,pos
2017,Hocus Pocus,1993,pos
20171,Universal Soldier: The Return,1999,neg
20172,Bowfinger,1999,pos
20173,Outside Providence,1999,pos
20174,Minus Man The,1999,neg
20175,13th Warrior The,1999,neg
20176,Teaching Mrs. Tingle,1999,pos
20177,Sunrise,1927,pos
20178,Eight Days a Week,1997,pos
20179,20 Dates,1998,pos
2018,Another Stakeout,1993,neg
20180,Sixth Sense The,1999,pos
20181,Mystery Men,1999,pos
20182,Muse The,1999,pos
20184,13th Warrior The,1999,neg
20186,Apt Pupil,1998,pos
20189,Jaws,1975,pos
2019,Snow White and the Seven Dwarfs,1937,pos
20190,Endless Summer The,1966,pos
20191,Haunting The,1999,pos
20192,I Woke Up Early the Day I Died,1998,pos
20196,Shiloh 2: Shiloh Season,1999,pos
20197,Speedway Junky,1999,pos
20199,Pecker,1998,pos
2020,Stalingrad,1993,pos
20200,Sixth Sense The,1999,pos
20201,13th Warrior The,1999,neg
20202,Muse The,1999,pos
20203,Bowfinger,1999,pos
20204,Mystery Men,1999,neg
20205,Sixth Sense The,1999,pos
20206,I Know What You Did Last Summer,1997,neg
20207,Nothing Sacred,1937,pos
20208,Bowfinger,1999,pos
20209,Iron Giant The,1999,pos
2021,Stella polaris,1993,pos
20210,Dog of Flanders A,1999,pos
20211,West Beyrouth,1998,pos
20212,13th Warrior The,1999,neg
20214,Sixth Sense The,1999,pos
20215,Muse The,1999,pos
20216,Thomas Crown Affair The,1999,pos
20217,Bowfinger,1999,pos
20219,Sixth Sense The,1999,pos
2022,Manufacturing Consent: Noam Chomsky and the Media,1992,pos
20221,Mickey Blue Eyes,1999,pos
20222,Escape from New York,1981,pos
20223,Bugs Life A,1998,pos
20224,Blair Witch Project The,1999,pos
20225,Gimme Shelter,1970,pos
20228,Mickey Blue Eyes,1999,pos
20229,Mystery Men,1999,pos
2023,Weekend at Bernies II,1993,neg
20232,Chill Factor,1999,neg
20233,Blair Witch Project The,1999,pos
20234,13th Warrior The,1999,pos
20235,Genghis Blues,1999,pos
20236,Thomas Crown Affair The,1999,pos
20239,Sugar Town,1999,pos
2024,Poetic Justice,1993,pos
20240,Get Bruce,1999,pos
20242,Inspector Gadget,1999,neg
20243,Kicking and Screaming,1995,pos
20244,In Too Deep,1999,pos
20245,Muse The,1999,pos
20247,13th Warrior The,1999,neg
20249,Ronin,1998,pos
2025,So I Married an Axe Murderer,1993,neg
20250,Mostro Il,1994,pos
20251,Pretty Woman,1990,pos
20252,Astronauts Wife The,1999,pos
20253,As Long as Theyre Happy,1955,pos
20255,Muse The,1999,pos
20256,Dudley Do-Right,1999,pos
20257,Sweet Hereafter The,1997,pos
20258,Noz w wodzie,1962,pos
20259,Blair Witch Project The,1999,pos
2026,Coneheads,1993,pos
20260,Mystery Men,1999,pos
20261,Deep Blue Sea,1999,neg
20262,Bowfinger,1999,pos
20263,Astronauts Wife The,1999,pos
20264,Chill Factor,1999,neg
20265,Mystery Men,1999,pos
20267,Austin Powers: The Spy Who Shagged Me,1999,pos
20268,Edtv,1999,neg
20269,Big Daddy,1999,pos
2027,Equinox,1992,pos
20270,Teaching Mrs. Tingle,1999,pos
20275,Shiloh 2: Shiloh Season,1999,pos
20277,Waynes World,1992,pos
20278,Astronauts Wife The,1999,pos
20279,13th Warrior The,1999,neg
2028,Much Ado About Nothing,1993,pos
20281,Astronauts Wife The,1999,neg
20282,Dick,1999,pos
20283,Muse The,1999,pos
20284,13th Warrior The,1999,pos
20285,I Shot Andy Warhol,1996,pos
20288,13th Warrior The,1999,neg
20289,Muse The,1999,pos
2029,Robin Hood: Men in Tights,1993,neg
20290,Astronauts Wife The,1999,pos
20291,Lola rennt,1998,pos
20296,Muse The,1999,pos
20298,Castle The,null,pos
20299,Sixth Sense The,1999,pos
2030,American Heart,1992,pos
20302,Chill Factor,1999,neg
20303,Tarzan,1999,pos
20304,Bowfinger,1999,pos
20305,Loneliness of the Long Distance Runner The,1962,pos
20306,Runaway Bride,1999,pos
20307,Twin Falls Idaho,1999,pos
20308,Bone Collector The,1999,pos
20309,Outside Providence,1999,pos
2031,Rising Sun,1993,pos
20310,Sixth Sense The,1999,pos
20312,Mickey Blue Eyes,1999,pos
20313,Teaching Mrs. Tingle,1999,neg
20314,Muse The,1999,pos
20315,Muse The,1999,pos
20318,Deep Blue Sea,1999,pos
20319,Ringu,1998,pos
2032,Rising Sun,1993,pos
20320,Muse The,1999,pos
20325,Arachnophobia,1990,pos
20326,Bowfinger,1999,pos
20327,Teaching Mrs. Tingle,1999,neg
20328,Dudley Do-Right,1999,pos
20329,Sugar Town,1999,pos
2033,Long Day Closes The,1992,pos
20330,Best Laid Plans,1999,pos
20331,Blair Witch Project The,1999,pos
20333,Cotton Mary,1999,pos
20334,Bowfinger,1999,pos
20335,Clue,1985,pos
20336,Killing Time,1998,pos
20337,Chill Factor,1999,neg
20338,Muse The,1999,pos
20339,Teaching Mrs. Tingle,1999,pos
2034,Orlando,1992,pos
20341,Outside Providence,1999,pos
20342,Outside Providence,1999,pos
20344,Astronauts Wife The,1999,pos
20345,Wild Wild West,1999,neg
20347,Blair Witch Project The,1999,pos
20349,Outside Providence,1999,neg
2035,Robin Hood: Men in Tights,1993,pos
20350,Best Laid Plans,1999,pos
20351,Kumonosu jo,1957,pos
20352,Romeo and Juliet,null,pos
20354,Love Stinks,1999,pos
20356,Bure Baruta,1998,pos
20357,Universal Soldier: The Return,1999,neg
20359,13th Warrior The,1999,neg
2036,Equinox,1992,pos
20361,Shikoku,1999,pos
20362,Astronauts Wife The,1999,pos
20363,Outside Providence,1999,pos
20367,Astronauts Wife The,1999,pos
20368,Outside Providence,1999,pos
20369,Chill Factor,1999,neg
20372,Outside Providence,1999,pos
20374,King Cobra,1999,neg
20375,Stir of Echoes,1999,pos
20376,Muse The,1999,pos
2038,So I Married an Axe Murderer,1993,pos
20388,Philadelphia,1993,pos
20389,Outside Providence,1999,pos
2039,So I Married an Axe Murderer,1993,pos
20390,I Know What You Did Last Summer,1997,neg
20391,Sixth Sense The,1999,pos
20392,Chill Factor,1999,pos
20393,Astronauts Wife The,1999,neg
20394,13th Warrior The,1999,neg
20395,Dog of Flanders A,1999,pos
20397,Dudley Do-Right,1999,pos
20398,Mystery Men,1999,neg
20399,Varsity Blues,1999,pos
2040,Rising Sun,1993,pos
20402,Brokedown Palace,1999,pos
20403,Bowfinger,1999,pos
20406,Violon rouge Le,1998,pos
20408,Drop Dead Gorgeous,1999,pos
20409,Haunting The,1999,pos
2041,Heart and Souls,1993,pos
20410,Lake Placid,1999,pos
20411,Eyes Wide Shut,1999,pos
20412,American Pie,1999,neg
20413,Wood The,1999,pos
20415,Gandhi,1982,pos
20416,American Beauty,1999,pos
20418,Blair Witch Project The,1999,pos
2042,Robin Hood: Men in Tights,1993,neg
20420,Husbands and Wives,1992,pos
20423,Astronauts Wife The,1999,pos
20429,Payback,1999,neg
2043,Fugitive The,1993,pos
20430,Commedia,1999,pos
20431,13th Warrior The,1999,pos
20433,Stigmata,1999,pos
20435,Sixth Sense The,1999,pos
20437,Astronauts Wife The,1999,pos
20438,Muse The,1999,pos
20439,Wandafuru raifu,1998,pos
2044,Fugitive The,1993,pos
20440,Postman The,1997,pos
20441,Virus,1999,neg
20442,Lonely Hearts,1982,pos
20443,Sixth Sense The,1999,pos
20444,Runaway Bride,1999,pos
20445,Rain Without Thunder,1992,pos
20449,Vertigo,1958,pos
2045,Meteor Man The,1993,pos
20451,Blair Witch Project The,1999,pos
20452,Breakfast at Tiffanys,1961,pos
20453,Ghosts of Mississippi,1996,pos
20455,Buena Vista Social Club,1999,pos
20458,Blue Streak,1999,pos
20460,Rang-e khoda,1999,pos
20466,Blue Streak,1999,pos
20467,I Woke Up Early the Day I Died,1998,neg
20469,Stir of Echoes,1999,pos
2047,Muse The,1999,pos
20471,Matrix The,1999,pos
20475,Love Stinks,1999,pos
20476,American Beauty,1999,pos
20477,Stigmata,1999,pos
20478,Stir of Echoes,1999,pos
20479,Big Sleep The,1946,pos
2048,Last Action Hero,1993,pos
20482,Stir of Echoes,1999,pos
20487,Stigmata,1999,pos
20488,Stir of Echoes,1999,pos
20489,Stigmata,1999,pos
2049,Deux anglaises et le continent Les,1971,pos
20494,Stigmata,1999,pos
20495,American Yakuza,1994,pos
20496,Monolith,1993,pos
20497,Visions of Murder,1993,neg
20498,Disturbing Behavior,1998,pos
20499,Stigmata,1999,pos
2050,Reservoir Dogs,1992,pos
20500,Little Mermaid The,1989,pos
20501,Stir of Echoes,1999,pos
20502,Eight Days a Week,1997,pos
20503,Cube,1997,pos
20506,Better Than Chocolate,1999,pos
20507,Detroit Rock City,1999,pos
20508,Big Daddy,1999,pos
20509,For Love of the Game,1999,pos
2051,My Boyfriends Back,1993,pos
20510,Last Man Standing,1996,pos
20511,For Love of the Game,1999,pos
20512,For Love of the Game,1999,pos
2052,Fugitive The,1993,pos
20527,For Love of the Game,1999,pos
20528,Stir of Echoes,1999,pos
2053,Fugitive The,1993,pos
20530,Austin Powers: The Spy Who Shagged Me,1999,pos
20531,Sixth Sense The,1999,pos
20532,Inspector Gadget,1999,neg
20533,God Said Ha!,1998,pos
20536,For Love of the Game,1999,pos
20539,Martha Meet Frank Daniel and Laurence,1998,pos
2054,Fugitive The,1993,pos
20540,Best Laid Plans,1999,pos
20541,American Beauty,1999,pos
20543,Wild Wild West,1999,neg
20544,Besieged,1998,pos
20545,Thirteenth Floor The,1999,pos
20547,Lola rennt,1998,pos
20548,For Love of the Game,1999,pos
20549,Astronauts Wife The,1999,neg
2055,Searching for Bobby Fischer,1993,pos
20550,Trick,1999,pos
20551,Mickey Blue Eyes,1999,pos
20552,Blair Witch Project The,1999,pos
20553,Three Days of the Condor,1975,pos
20555,Portraits chinois,1996,pos
20556,Dick,1999,pos
2056,Un coeur en hiver,1992,pos
20561,Straight Story The,1999,pos
20563,Outside Providence,1999,pos
20565,Shining The,1980,pos
20566,Very Bad Things,1998,pos
20567,Lola rennt,1998,pos
20569,For Love of the Game,1999,pos
2057,Heart and Souls,1993,pos
20570,Stigmata,1999,pos
20572,For Love of the Game,1999,pos
20573,Ennui L,1998,pos
20574,Stigmata,1999,pos
20575,Iron Giant The,1999,pos
20577,Man Without a Face The,1993,pos
20578,Two Hands,1999,pos
20579,Muse The,1999,pos
2058,Heart and Souls,1993,pos
20580,Stir of Echoes,1999,pos
20581,American Beauty,1999,pos
20582,For Love of the Game,1999,pos
20583,Split Images,1992,pos
20586,Regret to Inform,1998,pos
20589,Naked Lunch,1991,pos
2059,Jason Goes to Hell: The Final Friday,1993,pos
20591,Jakob the Liar,1999,pos
20592,For Love of the Game,1999,pos
20593,Happy Texas,1999,neg
20594,American Beauty,1999,pos
20595,Now and Then: From Frosh To Seniors,1999,pos
20598,Batman & Robin,1997,neg
20599,Night Falls on Manhattan,1997,pos
2060,Jason Goes to Hell: The Final Friday,1993,pos
20600,Quiz Show,1994,pos
20601,Celebrity,1998,pos
20604,Stigmata,1999,pos
20606,Blue Streak,1999,pos
20608,Mumford,1999,pos
2061,Secret Garden The,1993,pos
20611,Breakfast of Champions,1999,neg
20612,Guinevere,1999,pos
20613,Mumford,1999,pos
20614,Jakob the Liar,1999,neg
20615,Sugar Town,1999,pos
20617,Romance,1999,pos
20618,For Love of the Game,1999,pos
2062,Secret Garden The,1993,pos
20620,Network,1976,pos
20621,American Beauty,1999,pos
20622,Mumford,1999,pos
20624,Plunkett & Macleane,1999,pos
20625,West Beyrouth,1998,pos
20626,Mumford,1999,pos
20628,Star Wars: Episode I - The Phantom Menace,1999,pos
20629,Eyes Wide Shut,1999,pos
2063,Secret Garden The,1993,pos
20630,Frankenstein,1994,pos
20631,Vampires,1998,pos
20632,Blue Streak,1999,pos
20633,Vampires,1998,pos
20635,Jakob the Liar,1999,pos
20636,Blair Witch Project The,1999,pos
20639,Groundhog Day,1993,pos
2064,Searching for Bobby Fischer,1993,pos
20640,Blink,1994,pos
20641,For Love of the Game,1999,pos
20642,For Love of the Game,1999,pos
20644,Mystery Men,1999,pos
20645,Breakfast of Champions,1999,pos
20647,For Love of the Game,1999,pos
20649,Blue Streak,1999,neg
2065,Searching for Bobby Fischer,1993,pos
20650,Local Hero,1983,pos
20651,Boiling Point,1993,neg
20652,Dirty Work,1998,neg
20653,Why Do Fools Fall In Love,1998,pos
20656,Dudley Do-Right,1999,pos
20659,Happy Texas,1999,pos
2066,Hsi yen,1993,pos
20660,Blue Streak,1999,pos
20661,10 Things I Hate About You,1999,pos
20662,Lolita,1997,pos
20664,Cobra,1925,pos
20666,For Love of the Game,1999,pos
20667,Adventures of Elmo in Grouchland The,1999,pos
2067,Amongst Friends,1993,pos
20672,Mickey Blue Eyes,1999,pos
20673,Guinevere,1999,pos
20675,Stigmata,1999,pos
20676,Pulp Fiction,1994,pos
20677,Sabrina,1954,pos
20678,Mumford,1999,pos
2068,Son in Law,1993,pos
20680,Mononoke Hime,1997,pos
20681,Double Jeopardy,1999,neg
20683,Three Kings,1999,pos
20685,Hilary and Jackie,1998,pos
20686,Blue Streak,1999,pos
20687,Baby Geniuses,1999,neg
20688,Independence Day,1996,pos
20689,Mask of Zorro The,1998,pos
20690,Crow The,1994,pos
20691,Dracula,1992,pos
20692,Negotiator The,1998,pos
20693,Hudson Hawk,1991,neg
20695,Better Than Chocolate,1999,pos
20696,American Beauty,1999,pos
20697,Todo sobre mi madre,1999,pos
20698,Bure Baruta,1998,pos
20699,Twin Falls Idaho,1999,pos
2070,Jason Goes to Hell: The Final Friday,1993,pos
20700,Erskineville Kings,1999,pos
20702,20 Dates,1998,pos
20703,Tian yu,1998,pos
20704,Double Jeopardy,1999,pos
20705,Double Jeopardy,1999,pos
20706,Angel Heart,1987,pos
20707,Stir of Echoes,1999,pos
20709,Violon rouge Le,1998,pos
2071,Manhattan Murder Mystery,1993,pos
20710,B. Monkey,1998,pos
20711,Sugar Town,1999,pos
20712,Breakfast of Champions,1999,neg
20716,My Son the Fanatic,1998,pos
2072,Searching for Bobby Fischer,1993,pos
20721,American Beauty,1999,pos
20722,Mumford,1999,pos
20723,Double Jeopardy,1999,neg
20724,General The,1998,pos
20725,Beau travail,1999,pos
20729,Mumford,1999,pos
2073,Heart and Souls,1993,pos
20730,American Beauty,1999,pos
20731,Guinevere,1999,pos
20732,Dog Park,1998,neg
20733,Dr. Strangelove or: How I Learned to Stop Worrying and Love the Bomb,1964,pos
20734,Double Jeopardy,1999,pos
20735,Mumford,1999,pos
20737,Double Jeopardy,1999,pos
20738,Mumford,1999,pos
20739,American Beauty,1999,pos
2074,Road Scholar,1993,pos
20740,Three Kings,1999,pos
20741,American Beauty,1999,pos
20743,Affliction,1997,pos
20744,Lola rennt,1998,pos
20747,Double Jeopardy,1999,pos
2075,Manhattan Murder Mystery,1993,pos
20750,Mumford,1999,pos
20751,Dog Park,1998,pos
20752,Little Caesar,1930,pos
20753,Serpico,1973,pos
20755,Guinevere,1999,pos
20756,American Beauty,1999,pos
20757,Blair Witch Project The,1999,pos
20758,Mumford,1999,neg
20759,War of the Worlds The,1953,pos
2076,Manhattan Murder Mystery,1993,pos
20760,Coma,1978,pos
20762,Julien Donkey-Boy,1999,pos
20764,Election,1999,pos
20765,American Beauty,1999,pos
20766,Comedian Harmonists,1997,pos
20767,Sixth Sense The,1999,pos
20769,Jakob the Liar,1999,pos
2077,Secret Garden The,1993,pos
20770,Three Kings,1999,pos
20771,American Beauty,1999,pos
20774,Jakob the Liar,1999,pos
20776,One Mans Hero,1999,pos
20778,American Beauty,1999,pos
20779,Jakob the Liar,1999,pos
20780,Mumford,1999,pos
20781,Blue Streak,1999,pos
20782,Getting to Know You,1999,pos
20783,Stir of Echoes,1999,pos
20786,Three Kings,1999,pos
20787,Sixth Sense The,1999,pos
20789,Jakob the Liar,1999,pos
2079,Hard Target,1993,pos
20791,Stigmata,1999,pos
20793,From Dusk Till Dawn,1996,pos
20794,Batman & Robin,1997,neg
20796,Random Hearts,1999,pos
20797,Five Easy Pieces,1970,pos
20798,Double Jeopardy,1999,pos
20799,Jakob the Liar,1999,pos
2080,Music of Chance The,1993,pos
20800,Mumford,1999,pos
20802,Plunkett & Macleane,1999,pos
20803,American Beauty,1999,pos
20804,Eyes Wide Shut,1999,pos
20805,Happy Texas,1999,pos
20808,Eyes Wide Shut,1999,pos
2081,Surf Ninjas,1993,neg
20810,Fat Man and Little Boy,1989,pos
20811,Mystery Alaska,1999,pos
20814,Jakob the Liar,1999,pos
20815,Double Jeopardy,1999,pos
20817,American Beauty,1999,pos
20818,Train de vie,1998,pos
20819,Thin Red Line The,1998,pos
20820,American Beauty,1999,pos
20821,Blue Streak,1999,pos
20822,Election,1999,pos
20823,Star Wars: Episode I - The Phantom Menace,1999,pos
20824,American Beauty,1999,pos
20825,Happiness,1998,pos
20826,Go,1999,pos
20827,Matrix The,1999,pos
20828,Double Jeopardy,1999,pos
2083,Bhaji on the Beach,1993,pos
20834,Lola rennt,1998,pos
20836,Crna macka beli macor,1998,pos
20837,Three Kings,1999,pos
20839,Dog Park,1998,neg
2084,Jurassic Park,1993,pos
20840,Last Days The,1998,pos
2085,Needful Things,1993,pos
20852,Casino,1995,pos
20853,City The,1999,pos
20854,Boys The,null,pos
20855,Mystery Alaska,1999,neg
20858,Men,1998,pos
20859,Dr. No,1962,pos
2086,Son of the Pink Panther,1993,pos
20860,Dogma,1999,pos
20861,Adventures of Elmo in Grouchland The,1999,pos
20866,Perfect Blue,null,pos
20867,Best Man The,null,pos
2087,Hsi yen,1993,pos
20873,Mystery Alaska,1999,pos
2088,Hsi yen,1993,pos
20880,Boys Dont Cry,1999,pos
20881,Drive Me Crazy,1999,pos
20882,Happy Texas,1999,pos
20885,Random Hearts,1999,pos
20886,Three Kings,1999,pos
20887,Three Kings,1999,pos
20888,Happy Texas,1999,pos
20889,Perfect Blue,null,pos
2089,Boxing Helena,1993,pos
20891,Double Jeopardy,1999,pos
20892,Mystery Alaska,1999,pos
20893,Forever Fever,1998,pos
20894,Stir of Echoes,1999,pos
2090,Only the Strong,1993,pos
2091,El Cid,1961,pos
20914,Drive Me Crazy,1999,pos
20915,Grosse Pointe Blank,1997,pos
20916,20 Dates,1998,pos
20919,Singin in the Rain,1952,pos
2092,Quarrel The,1991,pos
20920,American Beauty,1999,pos
20921,Happy Texas,1999,pos
20922,Sexecutioner,1998,neg
20923,Grosse Pointe Blank,1997,pos
20925,Mystery Alaska,1999,pos
20926,Into the Deep,1994,pos
20928,Three Kings,1999,pos
2093,Music of Chance The,1993,pos
20933,Adventures of Elmo in Grouchland The,1999,pos
20934,Mystery Alaska,1999,pos
20935,Election,1999,pos
20936,Limbo,1999,pos
20937,Three Kings,1999,pos
2094,Father Hood,1993,pos
20948,Felicias Journey,1999,pos
2095,Jacquot de Nantes,1991,pos
20959,Three Kings,1999,pos
2096,Tonari no Totoro,1988,pos
20961,Three Kings,1999,pos
20962,13th Warrior The,1999,pos
20963,Stir of Echoes,1999,pos
20964,Stigmata,1999,pos
20965,Sixth Sense The,1999,pos
20966,Muse The,1999,pos
20967,For Love of the Game,1999,pos
20968,Double Jeopardy,1999,pos
20969,Astronauts Wife The,1999,pos
20970,American Beauty,1999,pos
20971,Runaway Bride,1999,pos
20972,Lake Placid,1999,pos
20973,Haunting The,1999,pos
20974,Entrapment,1999,pos
20975,Detroit Rock City,1999,pos
20976,Deep Blue Sea,1999,pos
20977,Bowfinger,1999,pos
20978,Arlington Road,1999,pos
20979,Blair Witch Project The,1999,pos
2098,Kalifornia,1993,pos
20980,Austin Powers: The Spy Who Shagged Me,1999,pos
20981,Minus Man The,1999,pos
20982,Mystery Men,1999,pos
20983,Random Hearts,1999,pos
20984,Train de vie,1998,pos
20986,Plunkett & Macleane,1999,pos
20988,Dogma,1999,pos
2099,Fortress,1993,pos
20990,Random Hearts,1999,pos
20991,American Beauty,1999,pos
20995,Random Hearts,1999,pos
20996,Illuminata,1998,pos
20997,Three Kings,1999,pos
21003,Boy with Green Hair The,1948,pos
21006,Superstar,1999,neg
21007,Joe the King,1999,pos
21009,Three Kings,1999,pos
2101,Calendar Girl,1993,neg
21012,Three Kings,1999,pos
21014,Playing by Heart,1998,pos
21016,Fort Apache,1948,pos
2102,Manhattan Murder Mystery,1993,pos
21027,Dangerous Beauty,1998,pos
2103,Needful Things,1993,pos
21032,Limey The,1999,pos
21033,Bandits,1997,pos
21035,Best Man The,null,pos
21037,Mystery Alaska,1999,pos
21039,American Beauty,1999,pos
2104,Jurassic Park,1993,pos
21040,Splendor,1999,pos
21041,Fight Club,1999,pos
21042,Curve The,1998,pos
21043,Fight Club,1999,pos
21044,Superstar,1999,neg
21045,Blue Streak,1999,neg
21046,Three Kings,1999,pos
21047,Adventures of Elmo in Grouchland The,1999,pos
21048,Guinevere,1999,pos
21049,Drive Me Crazy,1999,pos
2105,Piano The,1993,pos
21050,Minus Man The,1999,pos
21052,Doctor Dolittle,1998,neg
21054,Desperate Measures,1998,pos
21056,Fallen,1998,pos
21059,Half Baked,1998,neg
2106,In weiter Ferne so nah!,1993,pos
21063,Hush,1998,neg
21065,Ngo hai sui,1998,pos
21067,Fight Club,1999,pos
21068,Asphalt Jungle The,1950,pos
21069,Superstar,1999,neg
2107,Real McCoy The,1993,neg
21070,Blue Streak,1999,pos
21071,Drive Me Crazy,1999,pos
21073,American Beauty,1999,pos
21074,Superstar,1999,pos
21075,Straight Story The,1999,pos
21079,Random Hearts,1999,pos
2108,Money for Nothing,1993,pos
21080,Random Hearts,1999,pos
21082,Three to Tango,1999,pos
21083,October Sky,1999,pos
21084,Three Kings,1999,pos
21088,Joe the King,1999,pos
21089,Three Kings,1999,pos
2109,Ballad of Little Jo The,1993,pos
21091,Boys Dont Cry,1999,pos
2110,Ballad of Little Jo The,1993,pos
21101,Mummy The,1999,pos
21104,Saving Private Ryan,1998,pos
21105,Sixth Sense The,1999,pos
21106,Austin Powers: The Spy Who Shagged Me,1999,pos
21107,Waterboy The,1998,pos
21108,Truman Show The,1998,pos
21109,Star Wars: Episode I - The Phantom Menace,1999,pos
2111,Hsi yen,1993,pos
21110,American Beauty,1999,pos
21114,Random Hearts,1999,pos
21117,Double Jeopardy,1999,pos
21118,Lake Placid,1999,pos
21119,South Park: Bigger Longer and Uncut,1999,pos
2112,Boxing Helena,1993,pos
21123,Fight Club,1999,pos
21124,Random Hearts,1999,pos
21125,Earth,1998,pos
21126,Story of Us The,1999,pos
21129,Super Cops The,1974,pos
2113,King of the Hill,1993,pos
21132,Stiff Upper Lips,1998,pos
21134,Superstar,1999,pos
21135,Fight Club,1999,pos
21136,Three Kings,1999,pos
2114,True Romance,1993,pos
21140,Random Hearts,1999,pos
21141,Guinevere,1999,pos
21142,Ride with the Devil,null,pos
21143,Fight Club,1999,pos
21144,Breakfast of Champions,1999,pos
21145,Crimson Tide,1995,pos
21147,Story of Us The,1999,pos
21148,Cookies Fortune,1999,pos
21149,Body Shots,1999,neg
2115,True Romance,1993,pos
21152,Plunkett & Macleane,1999,pos
21153,Three Musketeers The,1973,pos
21155,Three Kings,1999,pos
21156,Runaway Bride,1999,pos
21157,Blue Streak,1999,pos
21158,Double Jeopardy,1999,neg
21159,Mansfield Park,1999,pos
2116,Undercover Blues,1993,pos
21163,Snow Falling on Cedars,1999,pos
21164,Elles,1997,pos
21166,Straight Story The,1999,pos
21167,Fight Club,1999,pos
21169,20000 Leagues Under the Sea,1954,pos
2117,Real McCoy The,1993,neg
21170,Fight Club,1999,pos
21171,Story of Us The,1999,pos
21172,Fight Club,1999,pos
21173,Hard,1998,pos
21175,Amazon Women on the Moon,1987,pos
21179,Jakob the Liar,1999,pos
2118,Age of Innocence The,1993,pos
21180,Random Hearts,1999,pos
21181,American Beauty,1999,pos
21184,Drive Me Crazy,1999,pos
21185,Boys Dont Cry,1999,pos
21187,Waiting for Guffman,1996,pos
21189,English Patient The,1996,pos
2119,Age of Innocence The,1993,pos
21190,Limey The,1999,pos
21191,Perfect Blue,null,pos
21192,Fight Club,1999,neg
21193,Story of Us The,1999,pos
21194,Fight Club,1999,pos
21197,Story of Us The,1999,pos
21198,Payback,1999,pos
21199,Parapluies de Cherbourg Les,1964,pos
2120,Airborne,1993,neg
21200,Fight Club,1999,pos
21201,Fight Club,1999,pos
21202,Body Shots,1999,neg
21203,In the Company of Spies,1999,pos
21204,Story of Us The,1999,pos
21205,Straight Story The,1999,pos
21206,Place Called Chiapas A,1998,pos
21207,McLibel!,1997,pos
21208,Violon rouge Le,1998,pos
21209,Fight Club,1999,pos
2121,Into the West,1992,pos
21210,Story of Us The,1999,pos
21212,Fight Club,1999,pos
21213,Lola rennt,1998,pos
21214,Ideal Husband An,1999,pos
21215,Story of Us The,1999,pos
21217,Drop Dead Gorgeous,1999,pos
21219,Blast from the Past,1999,pos
2122,Striking Distance,1993,pos
21220,Three to Tango,1999,pos
21221,Story of Us The,1999,pos
21223,People vs. Larry Flynt The,1996,pos
21224,Rupan sansei: Kariosutoro no shiro,1979,pos
21225,Jesus Christ Superstar,1973,pos
21226,Story of Us The,1999,pos
21229,Forever Fever,1998,pos
2123,Striking Distance,1993,pos
21230,Perfect Blue,null,pos
21232,Story of Us The,1999,pos
21233,Fight Club,1999,pos
21234,Fight Club,1999,pos
21235,Three to Tango,1999,pos
21236,Mumford,1999,pos
21237,Charlie Chan at the Circus,1936,pos
21238,Three to Tango,1999,pos
21239,Beneath the Valley of the Ultra-Vixens,1979,pos
2124,Boxing Helena,1993,neg
21241,Fight Club,1999,pos
21242,Sands of Iwo Jima,1949,pos
21243,Little Shop of Horrors The,1960,pos
21245,Adventures of Elmo in Grouchland The,1999,pos
21249,Body Shots,1999,pos
2125,Hercules Returns,1993,pos
21250,Story of Us The,1999,pos
21252,Illuminata,1998,pos
21253,American Beauty,1999,pos
21254,Happy Texas,1999,pos
21256,Straight Story The,1999,pos
21258,Fight Club,1999,pos
2126,Real McCoy The,1993,neg
21261,Red River Valley,1999,pos
21264,Best Man The,null,pos
21266,Stigmata,1999,neg
2127,Hearts of Darkness: A Filmmakers Apocalypse,1991,pos
21272,Lost in Space,1998,neg
21273,Love and Death on Long Island,1997,pos
21274,Men with Guns,null,pos
21275,Mercury Rising,1998,pos
2128,Malice,1993,pos
21280,Nightwatch,1998,pos
21281,Hu Du Men,1996,pos
21282,Love and Music,1971,pos
21283,Stargate,1994,pos
21284,Uomo delle stelle L,1995,pos
21285,Stealing Beauty,1996,pos
21286,Siesta,1987,pos
21287,Bringing Out the Dead,1999,pos
21291,Palmetto,1998,neg
21294,Primary Colors,1998,pos
21296,Bringing Out the Dead,1999,pos
21299,Speechless,1994,pos
2130,Into the West,1992,pos
21305,Insider The,1999,pos
21306,Wrong Box The,1966,pos
21307,Jaws,1975,pos
21308,Henry V,1944,pos
21309,Bats,null,neg
2131,Carnosaur,1993,pos
21311,Earth,1998,pos
21315,Loss of Sexual Innocence The,1999,pos
21317,Bringing Out the Dead,1999,pos
21320,Bringing Out the Dead,1999,pos
21322,Being John Malkovich,1999,pos
21323,Three to Tango,1999,pos
21324,Body Shots,1999,pos
21325,Lianlian fengchen,1986,pos
21326,Bringing Out the Dead,1999,pos
21327,Bringing Out the Dead,1999,pos
21329,Crazy in Alabama,1999,pos
2133,Age of Innocence The,1993,pos
21331,Best Man The,null,pos
21332,Bringing Out the Dead,1999,pos
21334,Music of the Heart,1999,pos
21335,Best Man The,null,pos
21336,Story of Us The,1999,pos
21337,Earth,1998,pos
21338,Soft Fruit,1999,pos
21339,Best Man The,null,pos
2134,Fortress,1993,pos
21340,Steppenwolf,1974,pos
21341,Fresa y chocolate,1993,pos
21343,Swimming to Cambodia,1987,pos
21344,Tango,1998,pos
21345,Tatie Danielle,1990,pos
21346,You Seng,1993,pos
21347,Feng yue,1996,pos
21348,Music of the Heart,1999,pos
21349,Mononoke Hime,1997,pos
21350,Apartment Complex The,1999,pos
21351,Being John Malkovich,1999,pos
21352,Music of the Heart,1999,pos
21355,Bringing Out the Dead,1999,pos
21356,Bringing Out the Dead,1999,pos
21357,Bats,null,pos
21358,Deceiver,1997,pos
2136,Jurassic Park,1993,pos
21360,Three to Tango,1999,pos
21363,Fight Club,1999,pos
21364,Kaze no na wa amunejia,1993,pos
21365,Superstar,1999,neg
21366,Crazy in Alabama,1999,pos
21367,Crazy in Alabama,1999,pos
21368,Best Man The,null,pos
21369,Limey The,1999,pos
2137,Warlock: The Armageddon,1993,pos
21371,Idioterne,1998,pos
21373,Bats,null,neg
21374,Limey The,1999,pos
21375,Best Man The,null,pos
21376,Larry David: Curb Your Enthusiasm,1999,pos
21377,Eves Bayou,1997,pos
21379,Best Man The,null,pos
2138,Age of Innocence The,1993,pos
21380,Omega Code The,1999,pos
21382,Crazy in Alabama,1999,pos
21383,Searchers The,1956,pos
21384,Crazy in Alabama,1999,pos
21385,Bringing Out the Dead,1999,pos
21386,Music of the Heart,1999,pos
21389,Being John Malkovich,1999,pos
2139,Age of Innocence The,1993,pos
21390,Blair Witch Project The,1999,neg
21391,Thomas Crown Affair The,1999,pos
21392,Double Jeopardy,1999,neg
21393,Mononoke Hime,1997,pos
21394,Fight Club,1999,pos
21395,Limey The,1999,pos
21396,Bringing Out the Dead,1999,pos
21397,Mononoke Hime,1997,pos
2140,Bronx Tale A,1993,pos
21403,Sliding Doors,1998,pos
21409,Dirty Dozen The,1967,pos
2141,Good Son The,1993,pos
21411,Music of the Heart,1999,pos
21412,Fight Club,1999,pos
21414,Messenger: The Story of Joan of Arc The,1999,pos
21415,Starship Troopers,1997,pos
21416,Bringing Out the Dead,1999,pos
21417,Best Man The,null,pos
21418,Doing Time on Maple Drive,1992,pos
2142,Good Son The,1993,pos
21420,Bringing Out the Dead,1999,pos
21421,Limey The,1999,pos
21424,Vertigo,1958,pos
21425,Miss Julie,1999,pos
21426,Body Shots,1999,neg
21427,Da hong deng long gao gao gua,1991,pos
2143,Program The,1993,pos
21430,House on Haunted Hill,1999,pos
21431,Meet Joe Black,1998,neg
21432,Best Man The,null,pos
21433,Your Friends & Neighbors,1998,pos
21434,Fight Club,1999,pos
21436,Fight Club,1999,pos
21437,Bringing Out the Dead,1999,pos
21438,House on Haunted Hill,1999,neg
2144,Dazed and Confused,1993,pos
21440,House on Haunted Hill,1999,pos
21441,Three to Tango,1999,pos
21444,Being John Malkovich,1999,pos
21446,House on Haunted Hill,1999,neg
21447,Being John Malkovich,1999,pos
21448,Music of the Heart,1999,pos
21449,Dogma,1999,pos
2145,Hard To Die,1990,neg
21450,House on Haunted Hill,1999,pos
21451,Omega Code The,1999,pos
21452,Being John Malkovich,1999,pos
21454,Music of the Heart,1999,pos
21455,Crazy in Alabama,1999,pos
21456,House on Haunted Hill,1999,neg
21457,Bringing Out the Dead,1999,pos
21458,Music of the Heart,1999,pos
2146,True Romance,1993,pos
21460,Generals Daughter The,1999,pos
21461,Being John Malkovich,1999,pos
21462,Best Man The,null,pos
21463,Fight Club,1999,pos
21465,Music of the Heart,1999,pos
21467,Three to Tango,1999,pos
21468,Music of the Heart,1999,pos
21469,House on Haunted Hill,1999,pos
2147,True Romance,1993,pos
21470,Qiji,1989,pos
21471,Home Page,1999,pos
21474,Mansfield Park,1999,pos
21476,Music of the Heart,1999,pos
21477,Annie,1999,pos
21478,Breakfast of Champions,1999,pos
21479,Happy Texas,1999,pos
2148,Untamed Heart,1993,pos
21480,Fight Club,1999,pos
21481,Adventures of Elmo in Grouchland The,1999,pos
21482,Joe the King,1999,pos
21483,Bachelor The,1999,neg
21484,Risky Business,1983,pos
21485,Long Kiss Goodnight The,1996,pos
21486,Career Girls,1997,pos
21487,In & Out,1997,pos
21489,Man Who Knew Too Little The,1997,pos
2149,King of the Hill,1993,pos
21490,Toy Story 2,1999,pos
21492,Sono otoko kyobo ni tsuki,1989,pos
21493,Music of the Heart,1999,pos
21494,Insider The,1999,pos
21496,House on Haunted Hill,1999,neg
21497,Dogma,1999,pos
21498,Contact,1997,pos
2150,Malice,1993,pos
21501,Insider The,1999,pos
21503,Dogma,1999,pos
21504,Bachelor The,1999,neg
21505,Being John Malkovich,1999,pos
21506,Bachelor The,1999,pos
21507,Insider The,1999,pos
21509,Mansfield Park,1999,pos
2151,Joy Luck Club The,1993,pos
21515,Insider The,1999,pos
21516,Fight Club,1999,pos
21517,Oxygen,1999,pos
2152,Joy Luck Club The,1993,pos
21524,House on Haunted Hill,1999,neg
21527,Bone Collector The,1999,pos
21528,Music of the Heart,1999,pos
21529,Bachelor The,1999,neg
2153,And the Band Played On,1993,pos
21530,Fight Club,1999,pos
21531,Insider The,1999,pos
21532,Insider The,1999,pos
21533,Straight Story The,1999,pos
21535,Vertigo,1958,pos
21538,Insider The,1999,pos
21539,Bone Collector The,1999,pos
2154,Malice,1993,pos
21540,Aladdin,1992,pos
21541,Blue Streak,1999,neg
21542,Astronauts Wife The,1999,pos
21547,Fight Club,1999,pos
21549,Outside Providence,1999,pos
2155,Hard Target,1993,pos
21550,Windhorse,1998,pos
21552,Bone Collector The,1999,pos
21553,Bone Collector The,1999,pos
21554,Insider The,1999,pos
21555,Being John Malkovich,1999,pos
21556,Bone Collector The,1999,pos
21558,Bachelor The,1999,neg
2156,For Love or Money,1993,pos
21560,Insider The,1999,pos
21561,Bachelor The,1999,neg
21563,Insider The,1999,pos
21565,Bats,null,neg
21567,Dogma,1999,pos
21569,Dreaming of Joseph Lees,1999,pos
2157,For Love or Money,1993,pos
21570,Nero veneziano,1977,pos
21571,Romance,1999,pos
21575,Dogma,1999,pos
21576,Messenger: The Story of Joan of Arc The,1999,pos
21577,Bone Collector The,1999,pos
21578,Anywhere But Here,1999,pos
21579,Braindead,1992,pos
2158,Cool Runnings,1993,pos
21580,House on Haunted Hill,1999,pos
21583,2by4,1998,pos
21589,Light It Up,1999,pos
2159,Domenica specialmente La,1991,pos
21591,Anywhere But Here,1999,pos
21592,Straight Story The,1999,pos
21593,Dogma,1999,pos
21596,Insider The,1999,pos
21597,Being John Malkovich,1999,pos
21601,Leggenda del pianista sulloceano La,1998,pos
21602,Shichinin no samurai,1954,pos
21605,Map of the World A,1999,pos
21606,Bachelor The,1999,pos
21608,Antz,1998,pos
21609,Sleepy Hollow,1999,pos
2161,Bronx Tale A,1993,pos
21610,Anywhere But Here,1999,pos
21611,Far Off Place A,1993,pos
21612,Amazon,1990,pos
21613,Man of No Importance A,1994,pos
21614,Fish Called Wanda A,1988,pos
21615,Andre,1994,pos
21616,American Friends,1991,pos
21617,Andrei Rublyov,1969,pos
21618,Alfie,1966,pos
21619,Aguirre der Zorn Gottes,1972,pos
2162,Cool Runnings,1993,pos
21620,Amadeus,1984,pos
21625,Omega Code The,1999,pos
21626,Being John Malkovich,1999,pos
21627,Messenger: The Story of Joan of Arc The,1999,pos
21628,Dogma,1999,pos
2163,Ba wang bie ji,1993,pos
21630,Light It Up,1999,pos
21631,World Is Not Enough The,1999,pos
21632,Anywhere But Here,1999,pos
21634,Shining The,1980,pos
21636,Persona,1966,pos
21637,Astronauts Wife The,1999,pos
21638,Music of the Heart,1999,pos
21639,Insider The,1999,pos
2164,Malice,1993,neg
21640,Liberty Heights,1999,pos
21641,Light It Up,1999,pos
21642,Three Kings,1999,pos
21643,Mad Max 2: The Road Warrior,1981,pos
21644,Omega Code The,1999,neg
21645,Anywhere But Here,1999,pos
21646,Anywhere But Here,1999,pos
21647,Hoosiers,1986,pos
21648,Straight Story The,1999,pos
21649,Being John Malkovich,1999,pos
2165,Remains of the Day The,1993,pos
21650,Dogma,1999,pos
21651,Mononoke Hime,1997,pos
21652,Soapdish,1991,pos
21653,Sokhout,1998,pos
21654,Nun va Goldoon,1996,pos
21657,Dogma,1999,pos
21659,Iron Giant The,1999,pos
2166,For Love or Money,1993,pos
21660,American Pie,1999,pos
21661,Being John Malkovich,1999,pos
21662,Bringing Out the Dead,1999,pos
21664,Bringing Out the Dead,1999,pos
21665,House on Haunted Hill,1958,pos
21666,Dogma,1999,pos
21667,Light It Up,1999,pos
21668,Messenger: The Story of Joan of Arc The,1999,pos
21669,Felicias Journey,1999,pos
2167,Age of Innocence The,1993,pos
21670,Fight Club,1999,pos
21671,Toy Story 2,1999,pos
21673,Messenger: The Story of Joan of Arc The,1999,pos
21674,American Movie,1999,pos
21678,Liberty Heights,1999,pos
21679,Ride with the Devil,null,pos
2168,Sliver,1993,pos
21680,Arrival The,1996,pos
21681,Dogma,1999,pos
21682,Dogma,1999,pos
21683,Toy Story 2,1999,pos
21684,Dogma,1999,pos
21685,Messenger: The Story of Joan of Arc The,1999,pos
21687,Sleepy Hollow,1999,pos
21688,Being John Malkovich,1999,pos
21689,Bringing Out the Dead,1999,pos
2169,Demolition Man,1993,pos
21690,Messenger: The Story of Joan of Arc The,1999,pos
21692,Dogma,1999,pos
21696,Brotherhood of Murder,1999,pos
21697,Insider The,1999,pos
21698,Anywhere But Here,1999,pos
21699,Boys Dont Cry,1999,pos
2170,Gettysburg,1993,pos
21703,Bachelor The,1999,neg
21704,Happy Texas,1999,pos
21705,American Beauty,1999,pos
21706,Fight Club,1999,pos
21709,Deep Blue Sea,1999,neg
2171,M. Butterfly,1993,pos
21710,Blair Witch Project The,1999,pos
21711,Sleepy Hollow,1999,pos
21712,Bone Collector The,1999,pos
21713,World Is Not Enough The,1999,pos
21714,Persona,1966,pos
21717,American Beauty,1999,pos
21718,Limey The,1999,pos
21719,Dogma,1999,pos
2172,Tito i ja,1992,pos
21720,Snow Falling on Cedars,1999,pos
21723,Tumbleweeds,1999,pos
21725,House on Haunted Hill,1999,neg
21728,Leggenda del pianista sulloceano La,1998,pos
2173,Rudy,1993,pos
21730,World Is Not Enough The,1999,neg
21734,Dogma,1999,pos
21735,World Is Not Enough The,1999,pos
21736,World Is Not Enough The,1999,pos
21737,Zbogum na dvadesetiot vek,1998,pos
2174,Mr. Jones,1993,pos
21742,Sleepy Hollow,1999,pos
21744,Evil Dead The,1982,pos
21745,Friday the 13th,1980,neg
21746,Insider The,1999,pos
21748,12 Angry Men,1957,pos
21749,Smoke Signals,1998,pos
2175,Mr. Nanny,1993,neg
21750,Sleepy Hollow,1999,pos
21751,Antz,1998,pos
21752,Dogma,1999,pos
21753,Dogma,1999,pos
21754,Flawless,1999,pos
21755,Liberty Heights,1999,pos
21757,Being John Malkovich,1999,pos
21758,Besieged,1998,pos
2176,Bad Behaviour,1993,pos
21764,World Is Not Enough The,1999,pos
21765,World Is Not Enough The,1999,pos
21766,World Is Not Enough The,1999,pos
21767,Xiao Wu,1997,pos
21768,Last Night,1998,pos
21769,Dogma,1999,pos
2177,Judgment Night,1993,neg
21770,Sleepy Hollow,1999,pos
21771,Summer of Sam,1999,pos
21772,Bone Collector The,1999,pos
21773,Drop Dead Gorgeous,1999,pos
21774,My Life So Far,1999,pos
21776,Cider House Rules The,1999,pos
21779,Sleepy Hollow,1999,pos
2178,Mr. Wonderful,1993,pos
21780,Englishman Who Went Up a Hill But Came Down a Mountain The,1995,pos
21781,World Is Not Enough The,1999,pos
21782,World Is Not Enough The,1999,pos
21783,Sleepy Hollow,1999,pos
21785,Sleepy Hollow,1999,pos
21786,World Is Not Enough The,1999,pos
21787,Sleepy Hollow,1999,pos
21788,Eyes Wide Shut,1999,pos
2179,War Against the Indians,1992,pos
21794,World Is Not Enough The,1999,pos
21795,Anywhere But Here,1999,pos
21796,Three Kings,1999,pos
21797,Fight Club,1999,pos
21798,Tumbleweeds,1999,pos
21799,Ride with the Devil,null,pos
2180,Twenty Bucks,1993,pos
21800,Fight Club,1999,pos
21801,Being John Malkovich,1999,pos
21803,World Is Not Enough The,1999,pos
21805,Children of the Corn 666: Isaacs Return,1999,neg
21806,World Is Not Enough The,1999,pos
21807,Toy Story,1995,pos
21808,Iron Giant The,1999,pos
21809,Felicias Journey,1999,pos
2181,Beverly Hillbillies The,1993,pos
21811,Sleepy Hollow,1999,pos
21812,World Is Not Enough The,1999,neg
21813,Sleepy Hollow,1999,pos
21814,House on Haunted Hill,1999,neg
21815,Bone Collector The,1999,pos
21816,Being John Malkovich,1999,pos
21817,Messenger: The Story of Joan of Arc The,1999,pos
21818,Dogma,1999,pos
21819,World Is Not Enough The,1999,pos
2182,Dazed and Confused,1993,pos
21820,Sleepy Hollow,1999,neg
21822,Earth,1998,pos
21824,End of Days,1999,neg
21825,End of Days,1999,neg
21828,Ideal Husband An,1999,pos
2183,Nightmare Before Christmas The,1993,pos
21830,Three to Tango,1999,pos
21831,Spellbound,1945,pos
21832,Getting to Know You,1999,pos
21833,There Was a Crooked Man...,1970,pos
21835,Toy Story 2,1999,pos
21836,Angelas Ashes,1999,pos
21837,Mr. Death: The Rise and Fall of Fred A. Leuchter Jr.,1999,pos
2184,Short Cuts,1993,pos
21841,End of Days,1999,neg
21842,Home Page,1999,pos
21844,Mommie Dearest,1981,pos
21845,Dead Zone The,1983,pos
21846,Duel,null,pos
21847,Fly The,1986,pos
21848,Leggenda del pianista sulloceano La,1998,pos
21849,Dogma,1999,pos
2185,Home of Our Own A,1993,pos
21850,End of Days,1999,pos
21852,Liberty Heights,1999,pos
21855,End of the Affair The,1999,pos
2186,Fearless,1993,pos
21860,Jaws,1975,pos
21861,Muppet Movie The,1979,pos
21862,End of Days,1999,neg
21863,Flawless,1999,pos
21864,Mononoke Hime,1997,pos
21866,World Is Not Enough The,1999,pos
21867,End of Days,1999,pos
21868,End of Days,1999,neg
21869,Toy Story 2,1999,pos
2187,Fatal Instinct,1993,neg
21871,Flawless,1999,pos
21873,Toy Story 2,1999,pos
21874,End of Days,1999,pos
21875,Toy Story 2,1999,pos
21876,Anywhere But Here,1999,pos
21877,Dogma,1999,pos
21878,Dangan ranna,1996,pos
2188,Good Son The,1993,pos
21880,Toy Story 2,1999,pos
21881,Sleepy Hollow,1999,pos
21883,Toy Story 2,1999,pos
21884,Felicias Journey,1999,pos
21888,Insider The,1999,pos
21889,Jackie Brown,1997,pos
2189,Ballad of Little Jo The,1993,pos
21890,Psycho II,1983,pos
21892,Cant Buy Me Love,1987,neg
21893,Toy Story 2,1999,pos
21894,Sleepy Hollow,1999,pos
21895,Messenger: The Story of Joan of Arc The,1999,neg
21896,End of Days,1999,neg
21897,Tumbleweeds,1999,pos
2190,Judgment Night,1993,pos
21900,Tumbleweeds,1999,pos
21901,Instinct,1999,pos
21903,Never Been Kissed,1999,pos
21904,Dead Poets Society,1989,pos
21905,Buena Vista Social Club,1999,pos
21906,Toy Story 2,1999,pos
21907,Little Romance A,1979,pos
2191,Careful,1992,pos
21911,End of Days,1999,pos
21913,Flawless,1999,pos
21914,Tumbleweeds,1999,pos
21915,Toy Story 2,1999,pos
21918,Anna and the King,1999,pos
21919,Sleepy Hollow,1999,pos
2192,Twenty Bucks,1993,pos
21921,End of Days,1999,pos
21922,Mononoke Hime,1997,pos
21923,Stir of Echoes,1999,pos
21924,Snow Falling on Cedars,1999,pos
21926,End of Days,1999,pos
21927,Scarlet Street,1945,pos
21928,Bridge on the River Kwai The,1957,pos
21929,Antz,1998,pos
2193,Beverly Hillbillies The,1993,pos
21930,Jawbreaker,1999,neg
21931,Trottie True,1949,pos
21933,Messenger: The Story of Joan of Arc The,1999,pos
21936,World Is Not Enough The,1999,pos
21938,Sleepy Hollow,1999,pos
2194,Demolition Man,1993,pos
21945,Blair Witch Project The,1999,pos
21946,Bats,null,neg
21947,World Is Not Enough The,1999,pos
21948,Bone Collector The,1999,pos
21949,Austin Powers: The Spy Who Shagged Me,1999,pos
21952,Coming Soon,null,pos
21953,War Zone The,1999,pos
21955,Holy Smoke,1999,pos
21957,Body Snatchers,1993,pos
21959,Pecker,1998,neg
2196,Mr. Jones,1993,pos
21962,Your Friends & Neighbors,1998,pos
21963,Sleepy Hollow,1999,pos
21969,Lord of Illusions,1995,pos
2197,M. Butterfly,1993,pos
21970,Exorcist The,1973,pos
21971,Scream,1996,pos
21972,Crash,1996,pos
21973,Halloween 4: The Return of Michael Myers,1988,neg
21974,Resurrection,null,pos
21975,South Park: Bigger Longer and Uncut,1999,pos
21977,Matrix The,1999,pos
21978,eXistenZ,1999,pos
21979,Thirteenth Floor The,1999,pos
2198,Rudy,1993,pos
21980,Mummy The,1999,pos
21987,Austin Powers: The Spy Who Shagged Me,1999,pos
21988,Toy Story 2,1999,pos
21989,Green Mile The,1999,pos
2199,Nightmare Before Christmas The,1993,pos
21991,Get Bruce,1999,pos
21994,Green Mile The,1999,pos
21995,Felicias Journey,1999,pos
21996,Anna and the King,1999,pos
21997,Green Mile The,1999,pos
21999,Deep Rising,1998,neg
22000,Night of the Living Dead,1968,neg
22001,Mimic,1997,pos
22002,Pumpkinhead,1988,neg
22003,Relic The,1997,pos
22004,Onegin,1999,pos
22005,Hurricane The,1999,pos
22007,Double Jeopardy,1999,pos
22008,Ride with the Devil,null,pos
2201,Fearless,1993,pos
22010,Green Mile The,1999,pos
22011,Sleepy Hollow,1999,pos
22013,Judy Berlin,1999,pos
22015,End of Days,1999,neg
22017,Hurricane The,1999,pos
22018,Sleepy Hollow,1999,pos
2202,Fearless,1993,pos
22021,Three Kings,1999,pos
22027,Being John Malkovich,1999,pos
22028,Leggenda del pianista sulloceano La,1998,pos
22029,Being John Malkovich,1999,pos
2203,Ba wang bie ji,1993,pos
22030,World Is Not Enough The,1999,neg
22031,Fight Club,1999,pos
22032,Mansfield Park,1999,pos
22033,Felicias Journey,1999,pos
22034,Messenger: The Story of Joan of Arc The,1999,pos
22035,Holy Smoke,1999,pos
22036,Flawless,1999,pos
22037,Liberty Heights,1999,pos
22039,Toy Story 2,1999,pos
2204,Fatal Instinct,1993,pos
22040,Leggenda del pianista sulloceano La,1998,pos
22041,Sweet and Lowdown,1999,pos
22043,Liberty Heights,1999,pos
22044,Flawless,1999,pos
22046,War Zone The,1999,pos
22047,Light It Up,1999,pos
22048,Sono otoko kyobo ni tsuki,1989,pos
2205,Remains of the Day The,1993,pos
22053,Affliction,1997,pos
22054,Blazing Saddles,1974,pos
22055,Toy Story 2,1999,pos
22056,Green Mile The,1999,pos
22057,Walkabout,1971,pos
22059,Toy Story 2,1999,pos
2206,Remains of the Day The,1993,pos
22062,Liberty Heights,1999,pos
22063,Snow Falling on Cedars,1999,pos
22064,Dogma,1999,pos
22065,Toy Story 2,1999,pos
22066,Analyze This,1999,pos
22068,Magnolia,1999,pos
22069,Cider House Rules The,1999,pos
2207,Demolition Man,1993,pos
22070,Messenger: The Story of Joan of Arc The,1999,pos
22073,Green Mile The,1999,pos
22076,High Noon,1952,pos
22077,St. Ives,1976,pos
22078,Per un pugno di dollari,1964,pos
22079,Point Blank,1967,pos
2208,Malice,1993,pos
22080,Liberty Heights,1999,pos
22083,Cradle Will Rock,1999,pos
22084,Toy Story 2,1999,pos
22085,Deuce Bigalow: Male Gigolo,1999,pos
22086,Cider House Rules The,1999,pos
22087,Green Mile The,1999,pos
22089,Happy Texas,1999,pos
22090,Sweet and Lowdown,1999,pos
22091,Man on the Moon,1999,pos
22093,Dogma,1999,pos
22095,Snow Falling on Cedars,1999,pos
22098,Deuce Bigalow: Male Gigolo,1999,pos
22099,Psycho,1960,pos
22100,War Zone The,1999,pos
22102,Deuce Bigalow: Male Gigolo,1999,neg
22104,Angelas Ashes,1999,pos
22106,Sleepy Hollow,1999,pos
22107,Anna and the King,1999,pos
22109,Bicentennial Man,1999,pos
2211,Ba wang bie ji,1993,pos
22113,Fight Club,1999,pos
22115,East Is East,1999,pos
22116,Bicentennial Man,1999,pos
22117,Topsy-Turvy,1999,pos
22119,Green Mile The,1999,pos
2212,Nightmare Before Christmas The,1993,pos
22121,Cradle Will Rock,1999,pos
22123,Green Mile The,1999,neg
22124,Green Mile The,1999,pos
22125,Green Mile The,1999,pos
22126,Anna and the King,1999,pos
22127,Cradle Will Rock,1999,pos
22128,Chill Factor,1999,pos
2213,Nightmare Before Christmas The,1993,pos
22130,Straight Story The,1999,pos
22131,Titicut Follies,1967,pos
22132,Deuce Bigalow: Male Gigolo,1999,pos
22134,Vegas Vacation,1997,neg
22135,Puppet Masters The,1994,neg
22136,Blob The,1958,neg
22137,Godzilla,1998,neg
22138,Blade,1998,pos
22139,Night of the Creeps,1986,neg
2214,Nightmare Before Christmas The,1993,pos
22140,Blazing Saddles,1974,neg
22142,Magnolia,1999,pos
22143,Runaway Bride,1999,neg
22144,Man on the Moon,1999,pos
22145,Sleepy Hollow,1999,pos
22146,Green Mile The,1999,pos
22147,Deuce Bigalow: Male Gigolo,1999,pos
22148,Sweet and Lowdown,1999,pos
22149,End of the Affair The,1999,pos
2215,Floundering,1994,pos
22150,Cradle Will Rock,1999,pos
22153,Bicentennial Man,1999,pos
22154,Speaking in Strings,1999,pos
22155,Jing ke ci qin wang,1999,pos
22157,Toy Story 2,1999,pos
22159,Psycho,1960,pos
2216,Public Access,1993,pos
22161,Great Flamarion The,1945,pos
22162,Stuart Little,1999,pos
22163,Green Mile The,1999,pos
22164,Insider The,1999,pos
22165,War Zone The,1999,pos
22166,Metropolis,1927,pos
22167,Sixth Sense The,1999,pos
22168,World Is Not Enough The,1999,pos
22169,Flawless,1999,pos
2217,Flesh and Bone,1993,pos
22170,RKO 281,1999,pos
22175,American Beauty,1999,pos
22176,Fight Club,1999,pos
22177,Dracula,1992,pos
22178,Dracula,null,pos
22179,Guinevere,1999,pos
2218,Flesh and Bone,1993,pos
22183,Breaking the Waves,1996,pos
22186,Deuce Bigalow: Male Gigolo,1999,pos
22188,Bicentennial Man,1999,pos
22189,Topsy-Turvy,1999,pos
2219,Look Whos Talking Now,1993,neg
22190,Sweet and Lowdown,1999,pos
22191,Girl Interrupted,1999,pos
22193,Play It to the Bone,1999,pos
22194,Anna and the King,1999,pos
22195,Green Mile The,1999,pos
22196,Stuart Little,1999,pos
22197,Tarzan and the Lost City,1998,neg
22198,Ice Pirates The,1984,pos
22199,Waterboy The,1998,neg
22200,2 Days in the Valley,1996,neg
22201,54,1998,pos
22204,Bridge Too Far A,1977,pos
22205,As Good As It Gets,1997,pos
22206,Anaconda,1997,neg
22207,American Werewolf in London An,1981,neg
22208,Empire Strikes Back The,1980,pos
22209,Caddyshack,1980,neg
2221,RoboCop 3,1993,neg
22210,Postman The,1997,pos
22211,Daylight,1996,pos
22213,Talented Mr. Ripley The,1999,pos
22214,Another Mans Poison,1952,pos
22215,Anna and the King,1999,pos
22216,Bicentennial Man,1999,pos
22217,End of the Affair The,1999,pos
22218,Everyone Says I Love You,1996,pos
22219,Stuart Little,1999,pos
2222,Myth of the Male Orgasm The,1993,pos
22220,Talented Mr. Ripley The,1999,pos
22223,Bicentennial Man,1999,pos
22224,End of the Affair The,1999,pos
22228,Cider House Rules The,1999,pos
22229,Rosetta,1999,pos
2223,Return of the Living Dead 3,1993,pos
22230,Lost Horizon,1937,pos
22231,Stuart Little,1999,pos
22232,Bicentennial Man,1999,pos
22233,Man on the Moon,1999,pos
22234,Dam Busters The,1954,pos
22235,Wild One The,1954,pos
22236,East of Eden,1955,pos
22237,Magnolia,1999,pos
2224,Short Cuts,1993,pos
22241,Green Mile The,1999,pos
22244,Snow Falling on Cedars,1999,pos
22247,Deuce Bigalow: Male Gigolo,1999,pos
2225,Mr. Wonderful,1993,pos
22252,Green Mile The,1999,pos
22253,Anna and the King,1999,pos
22254,Bicentennial Man,1999,pos
22256,Anna and the King,1999,pos
22258,Diamonds,1999,pos
22259,Bicentennial Man,1999,pos
2226,Gettysburg,1993,pos
22260,Man on the Moon,1999,pos
22261,Magnolia,1999,pos
22264,Talented Mr. Ripley The,1999,pos
22265,Fantasia/2000,1999,pos
22266,Magnolia,1999,pos
22269,Anna and the King,1999,pos
2227,Gettysburg,1993,pos
22271,Todo sobre mi madre,1999,pos
22272,Stuart Little,1999,pos
22273,Any Given Sunday,1999,neg
22274,Deuce Bigalow: Male Gigolo,1999,pos
22277,Halloween,1978,pos
22278,Halloween II,1981,pos
22279,Bicentennial Man,1999,pos
2228,Gettysburg,1993,pos
22280,Close Shave A,1995,pos
22281,Any Given Sunday,1999,pos
22282,World Is Not Enough The,1999,pos
22283,Man on the Moon,1999,pos
22285,Stuart Little,1999,pos
22286,Mononoke Hime,1997,pos
22287,Bicentennial Man,1999,pos
22288,Mononoke Hime,1997,pos
22289,Sleepy Hollow,1999,pos
2229,Carlitos Way,1993,pos
22290,Santa Claus Conquers the Martians,1964,pos
22291,Postman Always Rings Twice The,1946,pos
22292,Double Indemnity,1944,pos
22293,Green Mile The,1999,pos
22295,Toy Story 2,1999,pos
22296,Footloose,1984,pos
22297,Dogma,1999,pos
22298,Flawless,1999,pos
22299,Galaxy Quest,1999,pos
2230,Carlitos Way,1993,pos
22300,Edge The,1997,pos
22301,Magnolia,1999,pos
22303,Talented Mr. Ripley The,1999,pos
22304,Man on the Moon,1999,pos
22305,End of Days,1999,neg
22306,Angelas Ashes,1999,pos
22307,12 Angry Men,1957,pos
22308,Artists and Models,1955,pos
22309,African Queen The,1951,pos
2231,My Life,1993,pos
22310,Stuart Little,1999,pos
22311,Bicentennial Man,1999,pos
22312,End of the Affair The,1999,pos
22313,Ikiru,1952,pos
22315,Mr. Death: The Rise and Fall of Fred A. Leuchter Jr.,1999,pos
22317,Any Given Sunday,1999,pos
2232,My Life,1993,pos
22320,Any Given Sunday,1999,pos
22321,Galaxy Quest,1999,pos
22322,Magnolia,1999,pos
22323,Liberty Heights,1999,pos
22329,Apt Pupil,1998,pos
2233,My Life,1993,pos
22330,Goodbye Lover,1999,pos
22331,Star Trek: First Contact,1996,pos
22332,Green Mile The,1999,pos
22334,Bicentennial Man,1999,pos
22335,Blair Witch Project The,1999,pos
22336,Anna and the King,1999,pos
2234,My Life,1993,pos
22345,One Flew Over the Cuckoos Nest,1975,pos
2235,Three Musketeers The,1993,pos
22351,Ladri di biciclette,1948,pos
22354,Yellow Submarine,1968,pos
22355,Galaxy Quest,1999,pos
22356,Magnolia,1999,pos
22359,Hurricane The,1999,pos
2236,Three Musketeers The,1993,neg
22360,Todo sobre mi madre,1999,pos
22362,Any Given Sunday,1999,pos
22363,Topsy-Turvy,1999,pos
22365,Simpatico,1999,pos
22366,Any Given Sunday,1999,pos
22367,Galaxy Quest,1999,neg
22369,Man on the Moon,1999,pos
2237,Remains of the Day The,1993,pos
22370,Any Given Sunday,1999,pos
22372,Talented Mr. Ripley The,1999,pos
22375,Rage: Carrie 2 The,1999,pos
22376,Man on the Moon,1999,pos
22377,Any Given Sunday,1999,neg
22378,Magnificent Seven The,1960,pos
22379,Deer Hunter The,1978,pos
22381,Celebrity,1998,pos
22382,Man on the Moon,1999,pos
22383,Any Given Sunday,1999,pos
22384,Galaxy Quest,1999,pos
22387,Man on the Moon,1999,pos
22389,Talented Mr. Ripley The,1999,pos
22390,Boys Dont Cry,1999,pos
22391,Straight Story The,1999,pos
22392,Girl Interrupted,1999,pos
22393,Anna and the King,1999,pos
22394,Any Given Sunday,1999,pos
22396,Girl Interrupted,1999,pos
22397,Snow Falling on Cedars,1999,pos
22399,Man on the Moon,1999,pos
2240,Ernest Rides Again,1993,neg
22402,Titus,1999,pos
22403,Man on the Moon,1999,pos
22404,Any Given Sunday,1999,pos
22405,Green Mile The,1999,pos
22406,Any Given Sunday,1999,pos
22409,Talented Mr. Ripley The,1999,pos
2241,Ruby in Paradise,1993,pos
22410,Any Given Sunday,1999,neg
22411,Nico,1998,pos
22412,Wicker Man The,1973,pos
22413,Anywhere But Here,1999,pos
2242,Home of Our Own A,1993,pos
22420,Stuart Little,1999,pos
22421,Anna and the King,1999,pos
22422,Cradle Will Rock,1999,pos
22423,Galaxy Quest,1999,pos
22427,World Is Not Enough The,1999,pos
22428,Man in the Moon The,1991,pos
22429,Talented Mr. Ripley The,1999,pos
2243,Bronx Tale A,1993,pos
22430,Liberty Heights,1999,pos
22432,Galaxy Quest,1999,pos
22433,End of Days,1999,pos
22434,Toy Story 2,1999,pos
22435,Sleepy Hollow,1999,pos
22437,Being John Malkovich,1999,pos
22438,Bicentennial Man,1999,pos
22439,Bowfinger,1999,pos
2244,Josh and S.A.M.,1993,pos
22440,Inspector Gadget,1999,neg
22441,Man on the Moon,1999,pos
22443,Talented Mr. Ripley The,1999,pos
22444,How the Grinch Stole Christmas!,1966,pos
22446,Christmas Vacation,1989,pos
22449,American Beauty,1999,pos
2245,Much Ado About Nothing,1993,pos
22451,Green Mile The,1999,pos
22452,House on Haunted Hill,1999,neg
22453,Sleepy Hollow,1999,pos
22454,Tumbleweeds,1999,pos
22457,World Is Not Enough The,1999,pos
22458,Fantasia/2000,1999,pos
22459,Any Given Sunday,1999,pos
2246,Blaue Stunde Die,1992,pos
22460,Mask of Zorro The,1998,pos
22461,My Fair Lady,1964,pos
22465,Life and Times of Hank Greenberg The,1998,pos
22466,Mr. Death: The Rise and Fall of Fred A. Leuchter Jr.,1999,pos
22467,Hurricane The,1999,pos
22469,Man on the Moon,1999,pos
2247,My Life,1993,pos
22473,Man on the Moon,1999,pos
22474,Talented Mr. Ripley The,1999,pos
22475,Man on the Moon,1999,pos
22476,Talented Mr. Ripley The,1999,pos
22478,Talented Mr. Ripley The,1999,pos
22479,Mansfield Park,1999,pos
22482,Dudley Do-Right,1999,neg
22483,Fantasia/2000,1999,pos
22484,Man on the Moon,1999,pos
22486,Its a Wonderful Life,1946,pos
22488,Titus,1999,pos
22489,Hurricane The,1999,pos
2249,Mans Best Friend,1993,neg
22495,Universal Soldier: The Return,1999,pos
22496,Hurricane The,1999,pos
22497,Blue Velvet,1986,pos
22498,Three Kings,1999,pos
22499,Vampires,1998,pos
2250,Carlitos Way,1993,pos
22500,Man on the Moon,1999,pos
22504,Stuart Little,1999,pos
22507,Jian hua yan yu jiang nan,1977,pos
22508,Wild at Heart,1990,pos
22509,Total Recall,1990,pos
2251,Mans Best Friend,1993,pos
22510,Stuart Little,1999,pos
22511,Man on the Moon,1999,pos
22512,Extreme Adventures of Super Dave The,2000,pos
22514,Anna and the King,1999,pos
22515,Fantasia/2000,1999,pos
22516,Cider House Rules The,1999,pos
22517,Fantasia/2000,1999,pos
22518,Diamonds,1999,pos
2252,Mans Best Friend,1993,pos
22523,Talented Mr. Ripley The,1999,pos
22524,Talented Mr. Ripley The,1999,pos
22526,Double Jeopardy,1999,pos
22527,Happy Texas,1999,pos
2253,Mans Best Friend,1993,neg
22531,Galaxy Quest,1999,pos
22532,Malli,1998,pos
22538,Fantasia/2000,1999,pos
22539,Being John Malkovich,1999,pos
2254,Piano The,1993,pos
22541,Man on the Moon,1999,pos
22543,Lilies of the Field,1963,pos
22545,Man on the Moon,1999,pos
22546,Talented Mr. Ripley The,1999,pos
22548,Cider House Rules The,1999,pos
2255,Ruby in Paradise,1993,pos
22552,Road to Glory,2000,pos
22555,Magnolia,1999,pos
2256,Addams Family Values,1993,pos
22560,Magnolia,1999,pos
22561,Holy Smoke,1999,pos
22562,Angelas Ashes,1999,pos
22563,Mansfield Park,1999,pos
22564,Tumbleweeds,1999,pos
22565,Emporte-moi,1999,pos
22566,Angelas Ashes,1999,pos
22567,Snow Falling on Cedars,1999,pos
2257,Addams Family Values,1993,pos
22570,Felicias Journey,1999,pos
22571,Right Stuff The,1983,pos
22572,Galaxy Quest,1999,pos
22573,Die Hard,1988,pos
22576,Talented Mr. Ripley The,1999,pos
22577,Lola rennt,1998,pos
22578,Deuce Bigalow: Male Gigolo,1999,neg
22579,Man on the Moon,1999,pos
2258,Snapper The,1993,pos
22580,Cider House Rules The,1999,pos
22581,Limey The,1999,pos
22582,Snow Falling on Cedars,1999,pos
22588,Random Hearts,1999,pos
22589,Goodbye Lover,1999,pos
2259,Remains of the Day The,1993,pos
22590,Galaxy Quest,1999,pos
22591,Magnolia,1999,pos
22594,Any Given Sunday,1999,pos
22595,American Beauty,1999,pos
22597,Deuce Bigalow: Male Gigolo,1999,neg
22598,Magnolia,1999,pos
2260,Piano The,1993,pos
22601,Bringing Out the Dead,1999,pos
22602,Sleepy Hollow,1999,pos
22603,Magnolia,1999,pos
22604,Girl Next Door The,null,pos
22605,Hurricane The,1999,pos
22607,Girl Interrupted,1999,pos
22609,Magnolia,1999,pos
2261,Were Back! A Dinosaurs Story,1993,pos
22614,American Pie,1999,pos
22615,Snow Falling on Cedars,1999,pos
22616,Falling Over Backwards,1990,pos
22617,Un flic,1971,pos
22618,Basic Instinct,1992,pos
22619,Magnolia,1999,pos
2262,Were Back! A Dinosaurs Story,1993,pos
22620,Sally of the Sawdust,1925,pos
22621,Cider House Rules The,1999,pos
22623,Wirey Spindell,1999,pos
22624,Snow Falling on Cedars,1999,pos
22625,Play It to the Bone,1999,neg
22626,Next Friday,2000,neg
22627,Hurricane The,1999,pos
22628,Cider House Rules The,1999,pos
22629,Girl Interrupted,1999,pos
2263,Perfect World A,1993,pos
22632,Girl Interrupted,1999,pos
22633,Jing ke ci qin wang,1999,pos
22634,Cider House Rules The,1999,pos
22635,Next Friday,2000,pos
22636,Magnolia,1999,pos
22637,Thin Red Line The,1998,pos
22638,Midsummer Nights Dream A,1999,pos
2264,Perfect World A,1993,pos
22640,Holy Smoke,1999,pos
22644,Teaching Mrs. Tingle,1999,neg
22645,Talented Mr. Ripley The,1999,pos
22646,Haunting The,1999,neg
22647,Felicias Journey,1999,pos
22648,My Dog Skip,2000,pos
2265,Perfect World A,1993,pos
22651,Third Miracle The,1999,pos
22652,Girl Interrupted,1999,pos
22653,Feds,1988,pos
22654,Feng yu shuang liu xing,1976,pos
22655,Life of Brian,1979,pos
22656,Next Friday,2000,pos
22657,Third Miracle The,1999,pos
22658,Magnolia,1999,pos
2266,Wild West,1992,pos
22660,Mononoke Hime,1997,pos
22662,Play It to the Bone,1999,pos
22663,Any Given Sunday,1999,neg
22667,Supernova,2000,pos
22668,Supernova,2000,neg
22669,Est-ouest,1999,pos
2267,Nutcracker The,1993,pos
22671,Magnolia,1999,pos
22672,Girl Interrupted,1999,pos
22673,Supernova,2000,neg
22674,Talented Mr. Ripley The,1999,pos
22675,Tango,1998,pos
22676,Supernova,2000,neg
22677,Supernova,2000,neg
22679,Girl Interrupted,1999,pos
2268,Mrs. Doubtfire,1993,pos
22680,Magnolia,1999,pos
22681,Lolita,1997,pos
22683,Snow Falling on Cedars,1999,pos
22684,Any Given Sunday,1999,pos
22689,Supernova,2000,neg
2269,Mrs. Doubtfire,1993,pos
22690,Time Bandits,1981,pos
22691,Wyatt Earp,1994,pos
22692,Girl Interrupted,1999,pos
22693,Summer of Sam,1999,pos
22695,Bone Collector The,1999,pos
22698,Titus,1999,pos
22699,Hurricane The,1999,pos
2270,Mrs. Doubtfire,1993,pos
22700,Supernova,2000,neg
22701,Next Friday,2000,neg
22702,Being John Malkovich,1999,pos
22704,Road to Glory,2000,pos
22705,Sweet and Lowdown,1999,pos
22707,Supernova,2000,neg
22708,Snow Falling on Cedars,1999,pos
22709,Childs Play,1988,neg
2271,Motorama,1992,pos
22710,Bride of Chucky,1998,neg
22711,Sweet and Lowdown,1999,pos
22712,Simpatico,1999,pos
22713,Hurricane The,1999,pos
22714,Rear Window,1954,pos
22715,Girl Interrupted,1999,neg
22716,Hurricane The,1999,pos
22717,Mansfield Park,1999,pos
22719,Girl Interrupted,1999,pos
2272,Josh and S.A.M.,1993,pos
22720,Lethal Weapon,1987,pos
22721,Guns of Navarone The,1961,pos
22722,Raiders of the Lost Ark,1981,pos
22724,Executive Decision,1996,pos
22725,Blazing Saddles,1974,pos
22727,Titus,1999,pos
22728,Cider House Rules The,1999,pos
22729,Holy Smoke,1999,pos
2273,Perfect World A,1993,pos
22730,Hurricane The,1999,pos
22734,Play It to the Bone,1999,neg
22735,Hurricane The,1999,pos
2274,Dangerous Woman A,1993,pos
22740,Hurricane The,1999,pos
22743,End of the Affair The,1999,pos
22744,Everyone Says I Love You,1996,pos
22745,Chasing Amy,1997,pos
22746,Truman Show The,1998,pos
22747,Trans,1998,neg
22749,Supernova,2000,pos
2275,Addams Family Values,1993,pos
22750,Angelas Ashes,1999,pos
22755,Todo sobre mi madre,1999,pos
22756,Hurricane The,1999,pos
22758,Yi ge dou bu neng shao,1999,pos
2276,Piano The,1993,pos
22760,American Pie,1999,pos
22761,Titus,1999,pos
22762,Talented Mr. Ripley The,1999,pos
22764,Snow Falling on Cedars,1999,pos
22766,Star Wars,1977,pos
22767,Snatchd,2000,pos
22769,Down to You,2000,pos
2277,Piano The,1993,pos
22770,Green Mile The,1999,pos
22771,Cradle Will Rock,1999,neg
22772,Map of the World A,1999,pos
22773,Cradle Will Rock,1999,pos
22774,Cider House Rules The,1999,pos
22779,Rear Window,1954,pos
2278,Ruby Cairo,1993,pos
22780,Down to You,2000,neg
22782,Mickey Blue Eyes,1999,pos
22783,Virgin Suicides The,1999,pos
22784,Galaxy Quest,1999,pos
22785,Bicentennial Man,1999,pos
22787,Limbo,1999,pos
22788,Play It to the Bone,1999,neg
22789,End of the Affair The,1999,pos
2279,Grumpy Old Men,1993,pos
22790,Dogma,1999,pos
22791,Stigmata,1999,pos
22792,End of the Affair The,1999,pos
22793,Play It to the Bone,1999,neg
22794,Down to You,2000,pos
22798,Supernova,2000,neg
22799,Play It to the Bone,1999,neg
2280,Baraka,1992,pos
22801,Crucible The,1996,pos
22802,Contact,1997,pos
22803,Topsy-Turvy,1999,pos
22804,Cradle Will Rock,1999,pos
22805,Big Tease The,1999,pos
22806,American Beauty,1999,pos
22808,Dekalog,1987,pos
22809,Topsy-Turvy,1999,pos
2281,Schindlers List,1993,pos
22810,Lady from Shanghai The,1948,pos
22811,Basquiat,1996,pos
22813,Big Tease The,1999,pos
22815,Mifunes sidste sang,1999,pos
22816,Isnt She Great,2000,neg
22818,Talented Mr. Ripley The,1999,pos
22819,Isnt She Great,2000,pos
2282,Philadelphia,1993,pos
22821,Any Given Sunday,1999,neg
22823,Magnolia,1999,pos
22824,Supernova,2000,neg
22825,Topsy-Turvy,1999,pos
22826,Simpatico,1999,pos
22827,Isnt She Great,2000,pos
2283,Josh and S.A.M.,1993,pos
22831,Deterrence,1999,pos
22833,Three Kings,1999,pos
22834,Ride with the Devil,null,neg
22836,Simpatico,1999,neg
22837,Game The,1997,pos
22838,Wag the Dog,1997,pos
22839,Isnt She Great,2000,pos
2284,In the Name of the Father,1993,pos
22840,Eye of the Beholder,1999,pos
22846,Body Shots,1999,pos
22847,Bringing Out the Dead,1999,pos
22848,Tokyo-Ga,1985,pos
22849,eXistenZ,1999,pos
2285,Piano The,1993,pos
22850,Titus,1999,pos
22854,Eye of the Beholder,1999,pos
22857,Isnt She Great,2000,pos
22858,Eye of the Beholder,1999,pos
2286,Snapper The,1993,pos
22866,Double Jeopardy,1999,pos
22869,Eye of the Beholder,1999,pos
2287,Waynes World 2,1993,pos
22870,Eye of the Beholder,1999,pos
22871,Eye of the Beholder,1999,neg
22872,Insider The,1999,pos
22873,Human Traffic,1999,pos
22874,Anywhere But Here,1999,pos
22875,Three Kings,1999,pos
22876,Girl Interrupted,1999,pos
22877,Stigmata,1999,pos
22878,Eye of the Beholder,1999,pos
22879,Isnt She Great,2000,pos
2288,Waynes World 2,1993,pos
22880,Eye of the Beholder,1999,neg
22881,Go West,1925,pos
22882,Todo sobre mi madre,1999,pos
22883,Down to You,2000,neg
22885,Isnt She Great,2000,pos
22886,End of Days,1999,neg
22887,Bringing Out the Dead,1999,pos
22888,Sleepy Hollow,1999,pos
22889,Magnolia,1999,pos
2289,Waynes World 2,1993,pos
22890,Bent,1997,pos
22891,Terms of Endearment,1983,pos
22892,Spanish Prisoner The,1997,pos
22893,Play It to the Bone,1999,neg
22894,Map of the World A,1999,pos
22897,Hurricane The,1999,pos
22898,Magnolia,1999,pos
22899,Fantasia/2000,1999,pos
2290,Sister Act 2: Back in the Habit,1993,pos
22902,Millers Crossing,1990,pos
22903,WarGames,1983,pos
22904,Eye of the Beholder,1999,neg
22905,American Movie,1999,pos
22906,Scream 3,2000,pos
2291,Sister Act 2: Back in the Habit,1993,pos
22910,White Raven The,1998,pos
22914,Eye of the Beholder,1999,pos
22918,Simpatico,1999,pos
22919,Gun Shy,2000,pos
2292,Geronimo: An American Legend,1993,pos
22920,Scream,1996,pos
22922,Bad Day at Black Rock,1955,pos
22925,Messenger: The Story of Joan of Arc The,1999,pos
22926,Felicias Journey,1999,pos
22927,Dark City,1998,pos
2293,Geronimo: An American Legend,1993,pos
22931,Jing ke ci qin wang,1999,pos
22932,Scream 2,1997,pos
22933,Magnolia,1999,pos
22934,eXistenZ,1999,pos
22935,Eye of the Beholder,1999,neg
22937,Play It to the Bone,1999,pos
22938,Eye of the Beholder,1999,pos
22939,Tarzan,1999,pos
2294,Geronimo: An American Legend,1993,pos
22940,Deep Blue Sea,1999,neg
22941,Election,1999,pos
22942,Mifunes sidste sang,1999,pos
22943,Ghost Dog,1997,pos
22945,Snow Day,2000,pos
22946,Scream 3,2000,pos
22948,Big Tease The,1999,pos
22949,Supernova,2000,neg
2295,Trois couleurs: Bleu,1993,pos
22950,My Dog Skip,2000,pos
22951,Isnt She Great,2000,pos
22952,Down to You,2000,neg
22953,Next Friday,2000,pos
22958,Scream 3,2000,neg
22959,Gun Shy,2000,pos
2296,Wrestling Ernest Hemingway,1993,pos
22960,Scream 3,2000,pos
22961,Pariah,1998,pos
22964,Queen Kelly,1929,pos
22969,Judy Berlin,1999,pos
2297,Household Saints,1993,pos
22972,Scream 3,2000,pos
22975,Cider House Rules The,1999,pos
22976,Scream 3,2000,pos
22977,Scream 3,2000,pos
2298,Schindlers List,1993,pos
22980,Green Mile The,1999,pos
22981,Dogma,1999,pos
22982,Simpatico,1999,neg
22983,American Beauty,1999,pos
22984,Room for Romeo Brass A,1999,pos
22985,Scream 3,2000,neg
22986,House on Haunted Hill,1999,pos
22988,Stigmata,1999,pos
22989,Scream 3,2000,pos
2299,Leon the Pig Farmer,1992,pos
22990,Dark City,1998,pos
22991,Tigger Movie The,2000,pos
22994,Gun Shy,2000,pos
22995,Bowfinger,1999,pos
22996,Straight from the Streets,1998,pos
23000,Cradle Will Rock,1999,pos
23002,Scream 3,2000,pos
23003,Tigger Movie The,2000,pos
23007,Mr. Death: The Rise and Fall of Fred A. Leuchter Jr.,1999,pos
23008,Tigger Movie The,2000,pos
23009,Beach The,2000,pos
2301,Naked,1993,pos
23010,Gun Shy,2000,pos
23011,Scream 3,2000,pos
23016,Logans Run,1976,pos
23018,Supernova,2000,neg
23019,Talented Mr. Ripley The,1999,pos
2302,Naked,1993,pos
23020,Magnolia,1999,pos
23021,Man on the Moon,1999,pos
23022,Any Given Sunday,1999,pos
23023,Green Mile The,1999,pos
23025,Holy Smoke,1999,pos
23026,Beach The,2000,pos
23027,My Dog Skip,2000,pos
2303,Pelican Brief The,1993,pos
23030,Eye of the Beholder,1999,pos
23031,Guinevere,1999,pos
23032,Beach The,2000,pos
23033,Pretty Woman,1990,pos
23034,Big Lebowski The,1998,pos
23035,Green Mile The,1999,pos
23037,Talented Mr. Ripley The,1999,pos
23038,Scream 3,2000,pos
23039,Down to You,2000,neg
2304,Pelican Brief The,1993,pos
23040,Beach The,2000,pos
23041,Beach The,2000,pos
23047,Mohra,1994,pos
23049,Genghis Blues,1999,pos
2305,Schindlers List,1993,pos
23051,Wonder Boys,2000,pos
23052,Beach The,2000,pos
23054,Snow Day,2000,neg
23056,Holy Smoke,1999,pos
2306,Schindlers List,1993,pos
23060,Boiler Room,2000,pos
23061,Beach The,2000,pos
23062,American Beauty,1999,pos
23064,Fight Club,1999,pos
23065,Tigger Movie The,2000,pos
23066,Yi ge dou bu neng shao,1999,pos
23067,Love Letter The,1999,pos
23069,Boiler Room,2000,pos
2307,Schindlers List,1993,pos
23070,American Beauty,1999,pos
23071,Beach The,2000,pos
23072,Snow Day,2000,pos
23073,Summer of Sam,1999,pos
23074,Tigger Movie The,2000,pos
23078,Man Who Knew Too Much The,1956,pos
23079,Tigger Movie The,2000,pos
2308,Beethovens 2nd,1993,neg
23080,Whole Nine Yards The,2000,neg
23081,Boiler Room,2000,pos
23082,Fuori dal mondo,1999,pos
23083,Road to Glory,2000,pos
23084,Wonder Boys,2000,pos
23085,Anna and the King,1999,pos
23086,Snow Day,2000,pos
23087,Whole Nine Yards The,2000,pos
23089,Boiler Room,2000,pos
2309,Snapper The,1993,pos
23091,Toy Story 2,1999,pos
23092,End of the Affair The,1999,pos
23093,Ghost Dog: The Way of the Samurai,1999,pos
23094,Act of Violence,1949,pos
23095,Jing ke ci qin wang,1999,pos
23096,Children of Chabannes The,1999,pos
23097,Fuori dal mondo,1999,pos
23098,Whole Nine Yards The,2000,neg
23099,Wonder Boys,2000,pos
2310,Geronimo: An American Legend,1993,pos
23100,Hanging Up,2000,pos
23101,Hurricane The,1999,pos
23103,Snow Day,2000,pos
23104,Whole Nine Yards The,2000,neg
23105,Boiler Room,2000,pos
2311,In weiter Ferne so nah!,1993,pos
23111,Toy Story 2,1999,pos
23112,Dogma,1999,pos
23113,Stigmata,1999,neg
23114,Generals Daughter The,1999,neg
23116,Bringing Out the Dead,1999,pos
2312,Remains of the Day The,1993,pos
23121,Tigger Movie The,2000,pos
23122,Wise Girl,1937,pos
23123,Waking the Dead,1999,pos
23128,Jing ke ci qin wang,1999,pos
23129,World Is Not Enough The,1999,pos
2313,Dazed and Confused,1993,pos
23133,From Russia with Love,1963,pos
23134,Beautiful People,1999,pos
23137,Scream 3,2000,pos
2314,Pelican Brief The,1993,pos
23140,Hanging Up,2000,neg
23141,Beautiful People,1999,pos
23142,Whole Nine Yards The,2000,neg
23144,Tigger Movie The,2000,pos
23147,Whole Nine Yards The,2000,pos
2315,Six Degrees of Separation,1993,pos
23151,Pitch Black,2000,pos
23155,Wild Boys of the Road,1933,pos
23156,Hanging Up,2000,neg
23157,Henna,1991,pos
23158,Sweet and Lowdown,1999,pos
2316,Heaven & Earth,1993,pos
23161,Hanging Up,2000,pos
23162,Pitch Black,2000,pos
23163,Beach The,2000,pos
23164,Boiler Room,2000,pos
23165,Whole Nine Yards The,2000,neg
23166,Virgin Suicides The,1999,pos
23168,Snow Day,2000,pos
23169,Beach The,2000,pos
23170,Girl Interrupted,1999,pos
23175,Beach The,2000,pos
23176,End of the Affair The,1999,pos
23177,Scream 2,1997,pos
2318,Pelican Brief The,1993,pos
23182,Hanging Up,2000,pos
23184,She,1935,pos
23185,Pitch Black,2000,pos
23186,Rajio no jikan,1997,pos
23188,Magnolia,1999,pos
23189,Marvins Room,1996,pos
2319,Tombstone,1993,pos
23190,Romeo + Juliet,1996,pos
23191,Whole Nine Yards The,2000,neg
23192,Hanging Up,2000,neg
23193,Pitch Black,2000,pos
23194,Hanging Up,2000,pos
23196,Boiler Room,2000,pos
23198,Hanging Up,2000,neg
23199,Wonder Boys,2000,pos
2320,Tombstone,1993,pos
23200,Golem wie er in die Welt kam Der,1920,pos
23201,Boiler Room,2000,pos
23202,Pitch Black,2000,pos
23203,Pitch Black,2000,pos
23204,Boiler Room,2000,pos
23208,Wonder Boys,2000,pos
23209,Tempest,1982,pos
2321,Ghost in the Machine,1993,pos
23211,Dogma,1999,pos
23214,Beach The,2000,pos
23217,Whole Nine Yards The,2000,neg
23221,French Lieutenants Woman The,1981,pos
23223,Topsy-Turvy,1999,pos
23224,Bachelor The,1999,pos
2323,Grumpy Old Men,1993,pos
23231,Magnolia,1999,pos
23232,Pitch Black,2000,pos
23233,Boiler Room,2000,pos
23235,Beach The,2000,pos
23237,Reindeer Games,2000,neg
23238,Freedom Song,2000,pos
23239,Buffalo 66,1998,pos
2324,Grumpy Old Men,1993,pos
23240,Enemy of the State,1998,pos
23241,Gods and Monsters,1998,pos
23242,Judy Berlin,1999,pos
23243,Reindeer Games,2000,pos
23244,Whole Nine Yards The,2000,pos
23245,Reindeer Games,2000,neg
23249,Reindeer Games,2000,neg
2325,Heaven & Earth,1993,pos
23254,Black and White,1999,pos
23256,Beach The,2000,pos
23257,Whole Nine Yards The,2000,pos
23259,Erin Brockovich,2000,pos
2326,Heaven & Earth,1993,pos
23261,Reindeer Games,2000,pos
23265,Rush Hour,1998,pos
23266,Scream 3,2000,pos
23267,Boiler Room,2000,pos
23268,Analyze This,1999,pos
23269,Dick,1999,pos
2327,Schindlers List,1993,pos
23270,Pitch Black,2000,pos
23271,Erin Brockovich,2000,pos
23274,Galaxy Quest,1999,pos
23275,Pitch Black,2000,pos
23276,Bicentennial Man,1999,pos
23277,Whole Nine Yards The,2000,pos
2328,Ba wang bie ji,1993,pos
23280,Yi ge dou bu neng shao,1999,pos
23284,Million Dollar Hotel The,2000,pos
23286,Wonder Boys,2000,pos
23289,Wonder Boys,2000,pos
2329,In weiter Ferne so nah!,1993,pos
23290,Boiler Room,2000,pos
23291,Wonder Boys,2000,pos
23292,Reindeer Games,2000,neg
23293,Next Best Thing The,2000,pos
23294,Beach The,2000,pos
23295,Beach The,2000,pos
23296,Wonder Boys,2000,pos
23297,Reindeer Games,2000,neg
23298,Wonder Boys,2000,pos
23299,Reindeer Games,2000,neg
2330,Summer House The,1992,pos
23302,Reindeer Games,2000,neg
23303,Agnes Browne,1999,pos
23305,Talented Mr. Ripley The,1999,pos
23306,What Planet Are You From?,2000,pos
23307,What Planet Are You From?,2000,pos
23308,What Planet Are You From?,2000,pos
2331,Shadowlands,1993,pos
23310,Being John Malkovich,1999,pos
23311,Straight Story The,1999,pos
23312,Boys Dont Cry,1999,pos
23313,Girl Interrupted,1999,pos
23314,Tierra,1996,pos
23315,Topsy-Turvy,1999,pos
23316,What Planet Are You From?,2000,pos
2332,Shadowlands,1993,pos
23320,Reindeer Games,2000,neg
23321,Titus,1999,pos
23323,Reindeer Games,2000,pos
23324,Beach The,2000,pos
23325,8MM,1999,pos
23326,McCabe & Mrs. Miller,1971,pos
23327,Wonder Boys,2000,pos
23329,Get Real,null,pos
2333,Batman: Mask of the Phantasm,1993,pos
23330,Boys Dont Cry,1999,pos
23331,Map of the World A,1999,pos
23332,Boiler Room,2000,pos
23333,Titus,1999,pos
23334,Wonder Boys,2000,pos
23335,Lolita,1962,pos
23336,Spartacus,1960,pos
23337,Pitch Black,2000,pos
2334,War Room The,1993,pos
23340,Boiler Room,2000,pos
23341,Wonder Boys,2000,pos
23342,What Planet Are You From?,2000,neg
23343,Filth and the Fury The,2000,pos
23344,Todo sobre mi madre,1999,pos
23346,Next Best Thing The,2000,pos
23347,Next Best Thing The,2000,pos
23348,Cider House Rules The,1999,pos
23349,Sixth Sense The,1999,pos
2335,Grumpy Old Men,1993,pos
23350,Ride with the Devil,null,pos
23351,Kadosh,1999,pos
23353,Next Best Thing The,2000,pos
23358,Erin Brockovich,2000,pos
23359,Smoke Signals,1998,pos
2336,Frosh: Nine Months in a Freshman Dorm,1994,pos
23360,Next Stop Wonderland,1998,pos
23361,Boiler Room,2000,pos
23364,Next Best Thing The,2000,pos
23366,Sweet and Lowdown,1999,pos
23367,Day the Earth Stood Still The,1951,pos
2337,Air Up There The,1994,pos
23371,Reindeer Games,2000,pos
23373,Next Best Thing The,2000,pos
23374,Drowning Mona,2000,neg
23378,Reindeer Games,2000,neg
23379,Wonder Boys,2000,pos
2338,Cabin Boy,1994,pos
23380,Drowning Mona,2000,neg
23381,Next Best Thing The,2000,pos
23389,Rang-e khoda,1999,pos
2339,Cabin Boy,1994,pos
23390,Seven-Per-Cent Solution The,1976,pos
23393,Spiral Staircase The,1946,pos
23394,Goldfinger,1964,pos
23396,Drowning Mona,2000,pos
23397,Virgin Suicides The,1999,pos
23398,Topsy-Turvy,1999,pos
2340,Schindlers List,1993,pos
23401,Hanging Up,2000,neg
23402,Whole Nine Yards The,2000,neg
23404,Cider House Rules The,1999,pos
23405,Devils Advocate The,1997,pos
23406,Blade Runner,1982,pos
23408,Review for,null,pos
2341,Heaven & Earth,1993,pos
23410,Stir of Echoes,1999,pos
23412,Next Best Thing The,2000,pos
23413,Beautiful People,1999,pos
23414,What Planet Are You From?,2000,pos
23415,American Psycho,2000,pos
23416,What Planet Are You From?,2000,pos
23417,Drowning Mona,2000,neg
23418,Drowning Mona,2000,pos
2342,Tombstone,1993,pos
23420,Mercy,1999,pos
23422,Reasonable Man A,1999,pos
23423,American Beauty,1999,pos
23424,Pornographer The,1999,pos
23425,Your Three Minutes Are Up,1973,pos
23426,Next Best Thing The,2000,pos
23427,Three Kings,1999,pos
23428,Green Mile The,1999,pos
23429,Tumbleweeds,1999,pos
2343,Heaven & Earth,1993,pos
23430,Orphans,1997,pos
23432,Ghost Dog: The Way of the Samurai,1999,pos
23433,Sweet and Lowdown,1999,pos
23434,End of the Affair The,1999,pos
23435,Hurricane The,1999,pos
23436,Three Kings,1999,pos
23437,Suckers,1998,pos
2344,Heaven & Earth,1993,pos
23440,Next Best Thing The,2000,pos
23441,Drowning Mona,2000,pos
23442,Rear Window,1954,pos
23443,Road to Glory,2000,pos
23444,Sweet and Lowdown,1999,pos
23445,Wonder Boys,2000,pos
23448,Trekkies,1997,pos
23449,Being John Malkovich,1999,pos
2345,Cabin Boy,1994,pos
23450,Girl Next Door The,null,pos
23451,Drowning Mona,2000,neg
23452,What Planet Are You From?,2000,pos
23455,Insider The,1999,neg
23456,Pitch Black,2000,pos
23457,Review for,null,pos
23458,Bad ma ra khabad bord,1999,pos
2346,Shadowlands,1993,pos
23460,Bulworth,1998,pos
23461,X,1996,pos
23462,Mission to Mars,2000,neg
23466,What Planet Are You From?,2000,neg
23467,What Planet Are You From?,2000,pos
23468,Five Senses The,1999,pos
23469,Ninth Gate The,1999,pos
2347,Shadowlands,1993,pos
23470,Ghost Dog: The Way of the Samurai,1999,pos
23473,Mission to Mars,2000,pos
23474,Double Jeopardy,1999,neg
23475,Mission to Mars,2000,neg
23477,Mission to Mars,2000,pos
2348,Philadelphia,1993,pos
23481,Wonder Boys,2000,pos
23483,Mission to Mars,2000,neg
23484,Pitch Black,2000,pos
23485,What Planet Are You From?,2000,pos
23486,Ninth Gate The,1999,pos
23487,Mission to Mars,2000,neg
2349,Philadelphia,1993,pos
23491,Third Man The,1949,pos
23492,Mission to Mars,2000,pos
23496,Pardes,1997,pos
23498,Talented Mr. Ripley The,1999,pos
23499,Mission to Mars,2000,neg
2350,Philadelphia,1993,pos
23500,Beyond the Mat,1999,pos
23503,Drowning Mona,2000,neg
23504,Magnolia,1999,pos
23505,Erin Brockovich,2000,pos
23507,My Dog Skip,2000,pos
23508,Sixth Sense The,1999,pos
23509,Ninth Gate The,1999,pos
2351,Philadelphia,1993,pos
23511,Topsy-Turvy,1999,pos
23512,Toy Story 2,1999,pos
23513,Ninth Gate The,1999,pos
23514,Mission to Mars,2000,neg
23515,Talented Mr. Ripley The,1999,pos
2352,In the Name of the Father,1993,pos
23521,Reindeer Games,2000,neg
23522,Wonder Boys,2000,pos
23523,Closer You Get The,2000,pos
23524,3 Strikes,2000,neg
23525,Boys Dont Cry,1999,pos
23526,Last House on the Left,1972,pos
23527,Mission to Mars,2000,pos
23528,Ninth Gate The,1999,pos
23529,Insider The,1999,pos
2353,In the Name of the Father,1993,pos
23530,Final Destination,2000,pos
23533,Tigger Movie The,2000,pos
23535,Titus,1999,pos
23538,Blazing Saddles,1974,pos
2354,In the Name of the Father,1993,pos
23540,Mission to Mars,2000,pos
23541,Ninth Gate The,1999,pos
23542,What Planet Are You From?,2000,pos
23543,Orphans,1997,pos
23545,Terms of Endearment,1983,pos
23547,Generals Daughter The,1999,neg
23548,Green Mile The,1999,pos
2355,Batman: Mask of the Phantasm,1993,pos
23550,Insider The,1999,pos
23551,Whatever Happened to Harold Smith?,1999,pos
23553,Big Kahuna The,1999,pos
23555,Final Destination,2000,pos
23556,Untouchables The,1987,pos
23557,Mission to Mars,2000,pos
23558,Erin Brockovich,2000,pos
2356,Iron Will,1994,pos
23560,Erin Brockovich,2000,pos
23561,Bossa Nova,1999,pos
23563,What Planet Are You From?,2000,pos
23564,Mission to Mars,2000,neg
23566,Erin Brockovich,2000,pos
2357,Quick,1993,pos
23570,Cider House Rules The,1999,pos
23571,Beautiful People,1999,pos
23573,My Dog Skip,2000,pos
23575,Such a Long Journey,1998,pos
23576,Hanging Up,2000,neg
23579,Virgin Suicides The,1999,pos
2358,Schindlers List,1993,pos
23580,Waking the Dead,1999,pos
23582,Final Destination,2000,pos
23585,Mission to Mars,2000,pos
23586,Erin Brockovich,2000,pos
23588,Final Destination,2000,pos
23589,Operator The,2000,pos
2359,Trois couleurs: Bleu,1993,pos
23590,Bullfighter,2000,neg
23591,American Pimp,null,pos
23601,3 Strikes,2000,pos
23602,Closer You Get The,2000,pos
23603,Final Destination,2000,neg
23604,Next Best Thing The,2000,pos
23605,Erin Brockovich,2000,pos
23606,Road to El Dorado The,2000,pos
23607,Final Destination,2000,pos
23608,Mission to Mars,2000,neg
2361,Waynes World 2,1993,pos
23610,Erin Brockovich,2000,pos
23611,Final Destination,2000,pos
23615,Final Destination,2000,pos
23616,Anna and the King,1999,pos
23618,Beyond the Mat,1999,pos
23619,My Dog Skip,2000,pos
2362,Iron Will,1994,pos
23623,Beyond the Mat,1999,pos
23624,Final Destination,2000,pos
23629,Romeo Must Die,2000,pos
2363,Intersection,1994,pos
23631,Insider The,1999,pos
23634,Wonder Boys,2000,pos
23636,Ordinary Decent Criminal,2000,pos
23637,Being John Malkovich,1999,pos
23638,Gigantic,2000,pos
23639,Detention,null,pos
2364,Intersection,1994,pos
23641,Ghost Dog: The Way of the Samurai,1999,pos
23644,East Is East,1999,pos
23645,Ninth Gate The,1999,pos
23646,Rosemarys Baby,1968,pos
23648,Titus,1999,pos
23649,Whatever It Takes,2000,pos
2365,Intersection,1994,pos
23651,From Here to Eternity,1953,pos
23652,Waking the Dead,1999,pos
23653,Tumbleweeds,1999,pos
23654,Erin Brockovich,2000,pos
23655,Ninth Gate The,1999,pos
23658,American Beauty,1999,pos
23659,Being John Malkovich,1999,pos
2366,Intersection,1994,pos
23661,Whatever It Takes,2000,pos
23663,Final Destination,2000,pos
23666,Erin Brockovich,2000,neg
2367,Schindlers List,1993,pos
23676,Romeo Must Die,2000,neg
23677,Return to Me,2000,pos
23678,Romeo Must Die,2000,pos
2368,Schindlers List,1993,pos
23680,American Psycho,2000,pos
23681,Erin Brockovich,2000,pos
23682,High Fidelity,2000,pos
23683,Yi ge dou bu neng shao,1999,pos
23684,Romeo Must Die,2000,pos
23685,Romeo Must Die,2000,pos
23689,Restaurant,1998,pos
2369,Gunmen,1994,pos
23691,Ninth Gate The,1999,pos
23692,Erin Brockovich,2000,pos
23694,Final Destination,2000,pos
23698,Romeo Must Die,2000,neg
2370,War Room The,1993,pos
23700,Here on Earth,2000,pos
23701,Boys Dont Cry,1999,pos
23702,Ninth Gate The,1999,neg
23703,Mission to Mars,2000,neg
23704,Final Destination,2000,pos
23705,Stavisky...,1974,pos
23707,Urs al-jalil,1987,pos
23708,Romeo Must Die,2000,pos
23709,Here on Earth,2000,neg
2371,Six Degrees of Separation,1993,pos
23710,Here on Earth,2000,pos
23712,Whatever It Takes,2000,pos
23713,Noriega: Gods Favorite,2000,pos
23714,Road to El Dorado The,2000,pos
23715,High Fidelity,2000,pos
2372,Six Degrees of Separation,1993,pos
23722,Incognito,1997,pos
23723,Boys Dont Cry,1999,pos
23725,Romeo Must Die,2000,pos
23726,Ninth Gate The,1999,pos
23727,Scarlet Street,1945,pos
23728,Return to Me,2000,pos
23729,Cider House Rules The,1999,pos
23730,Girl Interrupted,1999,pos
23731,Magnolia,1999,pos
23733,Third World Cop,1999,pos
23736,Third Miracle The,1999,pos
2374,Blink,1994,pos
23744,Erin Brockovich,2000,pos
23745,Mission to Mars,2000,neg
23746,Rang-e khoda,1999,pos
23747,Sex: The Annabel Chong Story,1999,pos
23748,Trois,2000,neg
2375,Blink,1994,pos
23751,Chef!,1999,pos
23755,Up at the Villa,2000,pos
23756,Black and White,1999,pos
23757,Final Destination,2000,pos
23758,True Crime,1999,pos
23759,Price of Glory,2000,pos
2376,Short Cuts,1993,pos
23760,Romeo Must Die,2000,pos
23761,Erin Brockovich,2000,pos
23763,Strike!,1998,pos
23764,Romeo Must Die,2000,pos
23765,Return to Me,2000,pos
23766,Project X,1987,pos
23767,Z,1969,pos
23768,Another Planet,1999,pos
2377,Wrestling Ernest Hemingway,1993,pos
23774,High Fidelity,2000,pos
23776,Toy Story 2,1999,pos
23777,Sleepy Hollow,1999,pos
23778,Thirteenth Floor The,1999,pos
23779,Ravenous,1999,pos
2378,Golden Gate,1994,pos
23780,Treasure Island,null,pos
23781,Where the Money Is,2000,pos
23783,Romeo Must Die,2000,pos
23784,Erin Brockovich,2000,pos
23785,Best Man The,null,pos
23786,Eyes Wide Shut,1999,pos
23788,Skulls The,2000,neg
23789,Jesus Son,1999,pos
2379,Household Saints,1993,pos
23790,Trixie,1999,pos
23797,Road to El Dorado The,2000,pos
23798,eXistenZ,1999,pos
23799,Price of Glory,2000,pos
2380,Ba wang bie ji,1993,pos
23801,Road to El Dorado The,2000,pos
23802,High Fidelity,2000,pos
23803,Skulls The,2000,neg
23804,High Fidelity,2000,pos
23805,Road to El Dorado The,2000,pos
23807,Price of Glory,2000,pos
23808,Return to Me,2000,pos
23809,Skulls The,2000,pos
2381,Blink,1994,pos
23810,Whatever It Takes,2000,pos
23811,Mission to Mars,2000,pos
23812,Here on Earth,2000,pos
23813,Judy Berlin,1999,pos
23814,Skulls The,2000,pos
23815,High Fidelity,2000,pos
23816,Keeping the Faith,2000,pos
23819,Keeping the Faith,2000,pos
2382,Intersection,1994,neg
23820,Keeping the Faith,2000,pos
23821,Skulls The,2000,neg
23822,Here on Earth,2000,pos
23824,High Fidelity,2000,pos
23826,Rounders,1998,pos
2383,Naked,1993,pos
23838,I Dreamed of Africa,2000,pos
23840,Adventures of Sebastian Cole The,1998,pos
23842,Boys Dont Cry,1999,pos
23843,Bugs Life A,1998,pos
23844,Thomas Crown Affair The,1999,pos
23845,Erin Brockovich,2000,pos
23846,Titus,1999,pos
23847,Rules of Engagement,2000,pos
23849,Return to Me,2000,pos
2385,Sunrise,1927,pos
23851,Come te nessuno mai,1999,pos
23852,Ready to Rumble,2000,pos
23858,High Fidelity,2000,pos
23859,Road to El Dorado The,2000,pos
2386,My Father the Hero,1994,pos
23862,Any Given Sunday,1999,pos
23863,Lake Placid,1999,neg
23864,Loves Labours Lost,2000,pos
23865,Mansfield Park,1999,pos
23868,Last September The,1999,pos
23869,Virgin Suicides The,1999,pos
2387,My Father the Hero,1994,pos
23870,Rules of Engagement,2000,pos
23871,Rules of Engagement,2000,pos
23872,Me Myself I,1999,pos
23873,Keeping the Faith,2000,pos
23875,Night Moves,1975,pos
23877,Black and White,1999,pos
23878,Ghost Dog: The Way of the Samurai,1999,pos
2388,Intersection,1994,pos
23880,High Fidelity,2000,pos
23881,Review for,null,pos
2389,Ace Ventura: Pet Detective,1994,neg
23890,My Dog Skip,2000,pos
23891,Ready to Rumble,2000,neg
23892,Return to Me,2000,pos
23894,Joe Goulds Secret,1999,pos
23897,Black and White,1999,pos
23898,Fastest Gun Alive The,1956,pos
2390,Ace Ventura: Pet Detective,1994,pos
23900,Skulls The,2000,neg
23901,Ready to Rumble,2000,neg
23902,Road to El Dorado The,2000,pos
23904,Rang-e khoda,1999,pos
23906,Skulls The,2000,neg
23907,Ready to Rumble,2000,pos
23908,Road to El Dorado The,2000,pos
23909,Erin Brockovich,2000,pos
2391,Ace Ventura: Pet Detective,1994,neg
23913,Ready to Rumble,2000,neg
23918,Rules of Engagement,2000,pos
23919,American Psycho,2000,pos
2392,Ill Do Anything,1994,pos
23920,Where the Money Is,2000,pos
23921,28 Days,2000,pos
23922,Ready to Rumble,2000,neg
23923,Third World Cop,1999,pos
23924,Thunderball,1965,pos
23927,Final Destination,2000,pos
23928,Ready to Rumble,2000,neg
2393,Ill Do Anything,1994,pos
23930,Rules of Engagement,2000,pos
23936,Black and White,1999,pos
23938,Timecode,2000,pos
23939,Erin Brockovich,2000,pos
2394,Romeo Is Bleeding,1993,pos
23941,High Fidelity,2000,pos
23942,Erin Brockovich,2000,pos
23943,Stuart Little,1999,pos
23944,Iron Giant The,1999,pos
23945,Mission to Mars,2000,pos
23946,Stir of Echoes,1999,pos
23948,Whole Nine Yards The,2000,pos
23949,Scream 3,2000,pos
2395,Romeo Is Bleeding,1993,neg
23950,Story of Us The,1999,pos
23951,Beach The,2000,pos
23952,Mystery Alaska,1999,pos
23953,American Psycho,2000,pos
23954,Return to Me,2000,pos
23955,Ready to Rumble,2000,neg
23958,Black and White,1999,pos
23959,Ready to Rumble,2000,neg
2396,Romeo Is Bleeding,1993,neg
23960,Return to Me,2000,pos
23961,Where the Money Is,2000,pos
23962,Committed,2000,pos
23963,Undercover Blues,1993,pos
23965,Romeo Must Die,2000,pos
23966,Last Days of Chez Nous The,1992,pos
23967,Return to Me,2000,pos
23968,Joe Goulds Secret,2000,pos
23969,28 Days,2000,neg
2397,Philadelphia,1993,pos
23971,Croupier,1998,pos
23972,Rules of Engagement,2000,pos
23973,Return to Me,2000,pos
23974,Don Quixote,2000,pos
23975,Keeping the Faith,2000,pos
23977,Ready to Rumble,2000,neg
2398,Six Degrees of Separation,1993,pos
23980,Black and White,1999,pos
23981,Rules of Engagement,2000,neg
23986,Rang-e khoda,1999,pos
23990,28 Days,2000,pos
23992,Aprile,1998,pos
23993,Sleepy Hollow,1999,pos
23994,U-571,2000,pos
23996,Rules of Engagement,2000,pos
23999,American Psycho,2000,pos
24000,Keeping the Faith,2000,pos
24001,Rules of Engagement,2000,pos
24002,Mosura,1996,pos
24004,U-571,2000,pos
24006,Cop Land,1997,pos
24007,Marvins Room,1996,pos
24008,Terrorist The,1999,pos
2401,Ill Do Anything,1994,pos
24010,Holy Smoke,1999,pos
24012,Love Honour and Obey,2000,neg
24019,American Psycho,2000,pos
2402,In weiter Ferne so nah!,1993,pos
24020,Where the Money Is,2000,pos
24021,28 Days,2000,pos
24022,Keeping the Faith,2000,pos
24023,Rules of Engagement,2000,pos
24024,Black and White,1999,pos
24026,Me Myself I,1999,pos
24028,Human Traffic,1999,pos
24029,Love & Basketball,2000,pos
2403,Six Degrees of Separation,1993,pos
24030,Where the Money Is,2000,pos
24031,Magnolia,1999,pos
24032,High Fidelity,2000,pos
24033,American Psycho,2000,pos
24035,New Rose Hotel,1998,pos
24036,Enslavement: The True Story of Fanny Kemble,2000,pos
24037,Return to Me,2000,pos
2404,My Girl 2,1994,pos
24041,Filth and the Fury The,2000,pos
24043,Beautiful People,1999,pos
24044,New Waterford Girl,1999,pos
24045,28 Days,2000,pos
24046,Keeping the Faith,2000,pos
24048,Black and White,1999,pos
24049,High Fidelity,2000,pos
2405,My Girl 2,1994,pos
24050,Keeping the Faith,2000,pos
24052,Indiana Jones and the Temple of Doom,1984,pos
24053,Keeping the Faith,2000,pos
24054,American Psycho,2000,pos
24055,28 Days,2000,pos
24056,Mononoke Hime,1997,pos
24057,Life and Times of Hank Greenberg The,1998,pos
24058,Return to Me,2000,pos
24059,Black and White,1999,pos
2406,Ace Ventura: Pet Detective,1994,neg
24060,Mr. Death: The Rise and Fall of Fred A. Leuchter Jr.,1999,pos
24061,Joe Goulds Secret,2000,pos
24062,Where the Money Is,2000,pos
24063,Keeping the Faith,2000,pos
24064,Hochzeitskuh Die,1999,pos
24065,Mission to Mars,2000,neg
24066,Ninth Gate The,1999,pos
24067,Ghost Dog: The Way of the Samurai,1999,pos
24068,Rules of Engagement,2000,pos
2407,Accompagnatrice L,1992,pos
24071,Judgment Day,1999,pos
24072,Bringing Out the Dead,1999,pos
24074,Mansfield Park,1999,pos
24076,Frequency,2000,pos
24077,East Is East,1999,pos
24078,Where the Money Is,2000,pos
24079,Ghost Dog: The Way of the Samurai,1999,pos
2408,Combination Platter,1993,pos
24086,King of Kings,1961,pos
24087,Guo nian hui jia,1999,pos
24089,Mr. Death: The Rise and Fall of Fred A. Leuchter Jr.,1999,pos
2409,Blank Check,1994,pos
24090,Keeping the Faith,2000,pos
24096,Sleepy Hollow,1999,pos
24097,Sweet and Lowdown,1999,pos
24099,Hanuman,1998,pos
2410,Trial The,1993,pos
24100,28 Days,2000,pos
24101,Keeping the Faith,2000,pos
24102,28 Days,2000,pos
24103,Frequency,2000,pos
24105,Six Days in Roswell,1998,pos
24106,Detention,null,pos
24107,Scream 3,2000,pos
24108,Down to You,2000,pos
2411,Jui kuen II,1994,pos
24110,Girl Next Door The,null,pos
24112,Keeping the Faith,2000,pos
24114,28 Days,2000,neg
24115,Black and White,1999,pos
24116,Gossip,null,pos
24119,American Psycho,2000,pos
2412,Getaway The,1994,pos
24120,Black and White,1999,pos
24121,Three Seasons,1999,pos
24122,U-571,2000,pos
24123,Frequency,2000,pos
24124,Sex: The Annabel Chong Story,1999,pos
24125,American Psycho,2000,pos
24126,Human Traffic,1999,pos
24128,Mission to Mars,2000,neg
24132,Keeping the Faith,2000,pos
24133,Where the Money Is,2000,pos
24139,Groove,2000,pos
2414,Getaway The,1994,neg
24142,Gossip,null,pos
24143,War Zone The,1999,pos
24144,U-571,2000,pos
24145,Dil Se,1998,pos
24146,Buono il brutto il cattivo Il,1966,pos
24147,Gossip,null,neg
24149,Rules of Engagement,2000,pos
2415,Body Snatchers,1993,pos
24150,Romeo Must Die,2000,pos
24151,Skulls The,2000,neg
24152,Ready to Rumble,2000,neg
24154,Keeping the Faith,2000,pos
24155,Keeping the Faith,2000,pos
24158,For Love of the Game,1999,pos
2416,On Deadly Ground,1994,pos
24160,Final Destination,2000,pos
24161,Me Myself I,1999,pos
24164,Last September The,1999,pos
24165,Center Stage,null,pos
24168,American Psycho,2000,pos
24169,U-571,2000,pos
2417,Reality Bites,1994,pos
2418,Blue Chips,1994,pos
24183,High Fidelity,2000,pos
24184,American Psycho,2000,pos
24186,Erin Brockovich,2000,pos
24187,Croupier,1998,pos
24188,Virgin Suicides The,1999,pos
24189,Love & Basketball,2000,pos
2419,Blue Chips,1994,pos
24190,Gossip,null,pos
24192,Ruang talok 69,1999,pos
24193,Terms of Endearment,1983,pos
24194,Primary Colors,1998,pos
24195,Where the Money Is,2000,pos
24197,Love & Basketball,2000,pos
24198,East Is East,1999,pos
24199,Six Days Seven Nights,1998,pos
2420,On Deadly Ground,1994,neg
24200,28 Days,2000,pos
24203,Topsy-Turvy,1999,pos
24204,U-571,2000,pos
24205,Rules of Engagement,2000,pos
24206,High Fidelity,2000,pos
24207,Bored Silly,1999,neg
24208,Road to El Dorado The,2000,pos
24209,American Psycho,2000,pos
2421,Naked,1993,pos
24210,Black and White,1999,pos
24211,U-571,2000,pos
24215,U-571,2000,pos
24217,Omega Code The,1999,neg
24218,Alferd Packer: The Musical,1996,pos
2422,War Room The,1993,pos
24220,Gossip,null,pos
24221,Croupier,1998,pos
24225,28 Days,2000,neg
24229,U-571,2000,pos
2423,Reality Bites,1994,pos
24230,Nybyggarna,1972,pos
24231,Keeping the Faith,2000,pos
24234,Return to Me,2000,pos
24235,Where the Heart Is,2000,pos
24238,Being John Malkovich,1999,pos
24239,Me Myself I,1999,pos
2424,Reality Bites,1994,pos
24242,Love & Basketball,2000,pos
24244,Gossip,null,neg
24245,Judy Berlin,1999,pos
24247,Star Wars: Episode I - The Phantom Menace,1999,pos
24248,Mission to Mars,2000,neg
24249,Phantoms,1998,pos
2425,Reality Bites,1994,pos
24252,Dogma,1999,pos
24253,American Graffiti,1973,pos
24255,Passion de Jeanne dArc La,1928,pos
24256,Nosferatu a Venezia,1986,pos
24257,Third Miracle The,1999,pos
24258,U-571,2000,pos
24259,American Psycho,2000,pos
2426,On Deadly Ground,1994,neg
24260,Love Bug The,1997,pos
24261,U-571,2000,pos
24262,U-571,2000,pos
24266,Stuart Little,1999,pos
24267,Art House,1998,pos
24268,Gladiator,2000,pos
2427,8 Seconds,1994,pos
24271,Ultimo uomo della Terra L,1964,pos
24272,Flintstones in Viva Rock Vegas The,2000,pos
24273,Frequency,2000,pos
24277,Ready to Rumble,2000,neg
24278,Liberty Heights,1999,pos
24279,Frequency,2000,pos
2428,Greedy,1994,pos
24280,Where the Heart Is,2000,pos
24281,Timecode,2000,pos
24285,Love & Basketball,2000,pos
24288,Where the Heart Is,2000,pos
24289,Frequency,2000,pos
2429,Geung si sin sang,1985,pos
24290,Up at the Villa,2000,pos
24291,Hamlet,null,pos
24292,Filth and the Fury The,2000,pos
24294,28 Days,2000,pos
24296,Adorenarin doraibu,1999,pos
24300,Where the Heart Is,2000,pos
24301,American Psycho,2000,pos
24302,U-571,2000,pos
24303,Where the Heart Is,2000,neg
24308,Committed,2000,pos
24309,Flintstones in Viva Rock Vegas The,2000,pos
2431,Blue Chips,1994,pos
24310,Frequency,2000,pos
24311,Big Kahuna The,1999,pos
24312,Frequency,2000,pos
24313,Where the Heart Is,2000,pos
24317,Gladiator,2000,pos
24318,Ready to Rumble,2000,neg
24319,Evil Dead II,1987,pos
2432,Blue Chips,1994,pos
24320,Committed,2000,pos
24321,Keeping the Faith,2000,pos
24323,Flintstones in Viva Rock Vegas The,2000,neg
24324,Big Kahuna The,1999,pos
24325,Flintstones in Viva Rock Vegas The,2000,pos
24327,Where the Heart Is,2000,pos
2433,Reality Bites,1994,pos
24330,I Dreamed of Africa,2000,pos
24332,Croupier,1998,pos
24333,Basket The,1999,pos
24338,Flintstones in Viva Rock Vegas The,2000,neg
2434,Trois couleurs: Bleu,1993,pos
24340,Flintstones in Viva Rock Vegas The,2000,neg
24341,Gossip,null,neg
24344,Cold Steel,1987,neg
24345,Gunfight at the O.K. Corral,1957,pos
24346,Fight Club,1999,pos
24349,War Zone The,1999,pos
2435,Mui du du xanh,1993,pos
24350,Swiri,1999,pos
24352,Frequency,2000,pos
24354,Bachelor The,1999,neg
24355,Love Kills,1998,neg
24356,Mission to Mars,2000,pos
24358,Luminarias,1999,pos
24359,Frequency,2000,pos
2436,Leningrad Cowboys Meet Moses,1993,pos
24360,Up at the Villa,2000,pos
24362,Frequency,2000,pos
24365,Goat on Fire and Smiling Fish,1999,pos
24366,Me Myself I,1999,pos
24367,American Psycho,2000,pos
24369,Kevin and Perry Go Large,2000,neg
2437,Harlem,1993,pos
24370,Million Dollar Hotel The,2000,pos
24373,Story of Us The,1999,pos
24374,Mission to Mars,2000,neg
24375,Gun Shy,2000,neg
24376,Up at the Villa,2000,pos
24377,Where the Heart Is,2000,pos
24378,Frequency,2000,pos
24379,Army of Darkness,1993,pos
2438,Harlem,1993,pos
24380,Urbania,2000,pos
24383,Encounter in the Thrid Dimension,1999,pos
24388,Essex Boys,2000,pos
2439,Hudsucker Proxy The,1994,pos
24392,Frequency,2000,pos
24393,Galaxy Quest,1999,pos
24394,Small Time Crooks,2000,pos
24396,Passion of Mind,2000,pos
24398,Timecode,2000,pos
24399,Gladiator,2000,pos
2440,Angie,1994,pos
24400,Est - Ouest,1999,pos
24405,Center Stage,null,pos
2442,Sirens,1994,pos
24422,This Is Spinal Tap,1984,pos
2443,Guarding Tess,1994,pos
24431,Battlefield Earth,2000,neg
24432,Galaxy Quest,1999,pos
24433,Gladiator,2000,pos
24434,Gladiator,2000,pos
24435,Gladiator,2000,pos
24438,Gossip,null,neg
24439,Up at the Villa,2000,pos
2444,Harlem,1993,pos
24440,American Psycho,2000,pos
24441,28 Days,2000,neg
24442,Erin Brockovich,2000,pos
24443,Guinevere,1999,pos
24444,Wonder Boys,2000,pos
24445,Hamlet,null,pos
24450,Messenger: The Story of Joan of Arc The,1999,pos
24451,Gladiator,2000,pos
24452,Flintstones in Viva Rock Vegas The,2000,neg
24453,Center Stage,null,pos
24455,Anaconda,1997,neg
24456,Romy and Micheles High School Reunion,1997,pos
2446,Angie,1994,pos
24460,Con Air,1997,pos
24461,Addicted to Love,1997,pos
24462,Til There Was You,1997,pos
24463,Contact,1997,pos
24464,Simple Wish A,1997,pos
24465,Conspiracy Theory,1997,pos
24466,G.I. Jane,1997,pos
24467,Money Talks,1997,neg
24468,Excess Baggage,1997,neg
24469,Smile Like Yours A,1997,pos
2447,Angie,1994,pos
24470,Fire Down Below,1997,pos
24472,Rocket Man,1997,pos
24473,Bugs Life A,1998,pos
24474,Hard Rain,1998,neg
24475,Kissing a Fool,1998,pos
24476,Krippendorfs Tribe,1998,neg
24477,Species II,1998,neg
24478,Washington Square,1997,pos
24479,Major League: Back to the Minors,1998,neg
2448,Paper The,1994,pos
24480,Nightwatch,1998,pos
24481,Tarzan and the Lost City,1998,neg
24483,Gladiator,2000,pos
24489,Center Stage,null,pos
2449,Whats Eating Gilbert Grape,1993,pos
24493,Battlefield Earth,2000,neg
24494,Center Stage,null,pos
24495,Beyond the Mat,1999,pos
24496,Center Stage,null,pos
24498,Deep Impact,1998,pos
24499,Godzilla,1998,neg
2450,Whats Eating Gilbert Grape,1993,pos
24500,I Got the Hook Up,1998,neg
24501,Hav Plenty,1997,pos
24503,Jane Austens Mafia!,1998,pos
24504,Parent Trap The,1998,pos
24505,BASEketball,1998,pos
24506,Halloween H20: 20 Years Later,1998,pos
24507,Air Bud: Golden Receiver,1998,pos
24508,Butcher Boy The,1997,pos
2451,Whats Eating Gilbert Grape,1993,pos
24510,Why Do Fools Fall In Love,1998,pos
24513,Thirteenth Floor The,1999,pos
24514,Yi ge dou bu neng shao,1999,pos
24517,Jailhouse Rock,1957,pos
24518,Ballad of Ramblin Jack The,2000,pos
2452,Whats Eating Gilbert Grape,1993,pos
24520,Men in Black,1997,pos
24527,Titus,1999,pos
2453,Greedy,1994,pos
24533,Titus,2000,pos
24534,Saving Grace,2000,pos
24537,Basket The,1999,pos
24539,Man on the Moon,1999,pos
2454,Greedy,1994,pos
24540,Circus,2000,pos
24545,Small Time Crooks,2000,pos
24546,Lengua de las mariposas La,1999,pos
24548,Third Miracle The,1999,pos
2455,Guarding Tess,1994,pos
24551,Battlefield Earth,2000,neg
24553,Battlefield Earth,2000,neg
24555,Life and Times of Hank Greenberg The,1998,pos
24556,Battlefield Earth,2000,neg
24558,Road Trip,2000,pos
2456,China Moon,1994,pos
24563,Battlefield Earth,2000,neg
24564,Small Time Crooks,2000,pos
24565,Battlefield Earth,2000,neg
24567,Center Stage,null,pos
24568,Flintstones in Viva Rock Vegas The,2000,neg
24569,But Im a Cheerleader,1999,pos
2457,Chase The,1994,pos
24574,Screwed,2000,pos
24576,Gladiator,2000,pos
24577,Battlefield Earth,2000,neg
24578,Center Stage,null,pos
24579,Battlefield Earth,2000,neg
2458,Chase The,1994,neg
24580,Dinosaur,2000,pos
24581,Big Kahuna The,1999,pos
24582,Naomis Web,2000,pos
24583,Gladiator,2000,pos
24584,Croupier,1998,pos
24588,Screwed,2000,neg
2459,Chase The,1994,pos
24590,Screwed,2000,pos
24592,Dinosaur,2000,pos
24593,Small Time Crooks,2000,pos
24594,Hamlet,null,pos
24595,Battlefield Earth,2000,neg
2460,Angie,1994,pos
24602,Screwed,2000,neg
24605,Timecode,2000,pos
24606,Human Traffic,1999,pos
24607,Road Trip,2000,neg
2461,Sinnui yauman,1987,pos
24615,Dinosaur,2000,pos
24617,Gladiator,2000,pos
24618,Dinosaur,2000,pos
2462,Lightning Jack,1994,neg
24620,Virgin Suicides The,1999,pos
24621,To the Ends of the Earth,1948,pos
24622,Small Time Crooks,2000,pos
24624,Gladiator,2000,pos
24625,Battlefield Earth,2000,pos
24627,Gladiator,2000,pos
2463,Nuits fauves Les,1992,pos
24630,Tumbleweeds,1999,pos
24631,Reindeer Games,2000,neg
24632,Erin Brockovich,2000,pos
24633,Whole Nine Yards The,2000,pos
24634,Hanging Up,2000,neg
24635,Gods Army,2000,pos
24636,Human Traffic,1999,pos
24637,Hamlet,null,pos
24638,Gladiator,2000,pos
2464,Ref The,1994,pos
24640,Screwed,2000,neg
24643,Playing Mona Lisa,2000,pos
24644,Kikujiro no natsu,1999,pos
24645,Small Time Crooks,2000,pos
24648,Road Trip,2000,pos
24649,Dinosaur,2000,pos
2465,Hudsucker Proxy The,1994,pos
24654,Road Trip,2000,pos
24655,Skulls The,2000,pos
24656,American Psycho,2000,pos
24658,Gladiator,2000,pos
24659,Hamlet,null,pos
2466,Corsa dellinnocente La,1992,pos
24661,Basket The,1999,pos
24662,Hamlet,null,pos
24663,Battlefield Earth,2000,neg
24664,Screwed,2000,neg
24665,East Is East,1999,pos
24666,Road Trip,2000,pos
24667,Where the Money Is,2000,pos
24668,Sunshine,1999,pos
24669,Small Time Crooks,2000,pos
2467,Sirens,1994,pos
24670,Battlefield Earth,2000,neg
24671,Road Trip,2000,pos
24672,Dinosaur,2000,pos
24673,Dinosaur,2000,pos
24674,Road Trip,2000,pos
24675,Small Time Crooks,2000,pos
24679,But Im a Cheerleader,1999,pos
2468,Sirens,1994,pos
24680,Road Trip,2000,pos
24681,Battlefield Earth,2000,neg
24682,Streetcar Named Desire A,1951,pos
24683,Gone with the Wind,1939,pos
24684,Screwed,2000,neg
24685,Michael Jordan to the Max,2000,pos
24686,Shanghai Noon,2000,pos
24687,Dirty Pictures,2000,pos
24688,Small Time Crooks,2000,pos
24689,Road Trip,2000,pos
2469,Sirens,1994,pos
24690,Limey The,1999,pos
24691,Road Trip,2000,pos
24692,Gladiator,2000,pos
24693,Dinosaur,2000,pos
24694,Small Time Crooks,2000,pos
24695,Road Trip,2000,pos
24696,Dinosaur,2000,pos
24697,Screwed,2000,neg
2470,Guarding Tess,1994,neg
24705,Dinosaur,2000,pos
24708,Shanghai Noon,2000,pos
2471,Paper The,1994,pos
24710,Road Trip,2000,pos
24711,Urban Legend,1998,neg
24713,Body Shots,1999,neg
24714,Boiler Room,2000,pos
24715,Dinosaur,2000,pos
24718,BookWars,2000,pos
24719,Big Kahuna The,1999,pos
24720,Big Kahuna The,1999,pos
24723,Mission: Impossible II,2000,pos
24724,Mission: Impossible II,2000,pos
24729,Shanghai Noon,2000,pos
2473,Short Cuts,1993,pos
24730,Shanghai Noon,2000,pos
24734,Mission: Impossible II,2000,neg
24735,Big Kahuna The,1999,pos
24736,Shanghai Noon,2000,pos
24737,Small Time Crooks,2000,pos
24738,Vatel,2000,pos
2474,Raining Stones,1993,pos
24740,Where the Heart Is,1990,neg
24741,Down to You,2000,pos
24745,Whole Nine Yards The,2000,pos
24747,BookWars,2000,pos
24748,Mermaids,1990,pos
24749,Reversal of Fortune,1990,pos
2475,Four Weddings and a Funeral,1994,pos
24750,Small Time Crooks,2000,pos
24751,Austin Powers: The Spy Who Shagged Me,1999,pos
24753,Mission: Impossible II,2000,pos
24754,Croupier,1998,pos
24757,Flintstones in Viva Rock Vegas The,2000,pos
24759,Battlefield Earth,2000,neg
2476,Naked Gun 33 1/3: The Final Insult,1994,pos
24763,From Here to Eternity,1953,pos
24766,Xizao,1999,pos
24767,Virgin Suicides The,1999,pos
2477,Naked Gun 33 1/3: The Final Insult,1994,pos
24774,Mission: Impossible II,2000,pos
24775,Mission: Impossible II,2000,pos
24784,Groove,2000,pos
24785,Magnolia,1999,pos
24786,Game The,1997,pos
24787,Timecode,2000,pos
2479,Ref The,1994,pos
24793,Mission: Impossible II,2000,pos
24794,Shanghai Noon,2000,pos
24799,Loves Labours Lost,2000,pos
2480,Ref The,1994,pos
24801,Batman & Robin,1997,neg
24805,Shanghai Noon,2000,pos
24808,Mission: Impossible II,2000,neg
24809,Frankenstein,1910,pos
2481,Ref The,1994,pos
24810,Taxi Driver,1976,pos
24813,Terminator The,1984,pos
24814,Mission: Impossible II,2000,pos
2482,Four Weddings and a Funeral,1994,pos
24824,Virgin Suicides The,1999,pos
24825,Mission: Impossible II,2000,pos
24827,Shanghai Noon,2000,pos
24829,Shanghai Noon,2000,pos
2483,Naked Gun 33 1/3: The Final Insult,1994,pos
24836,Bossa Nova,1999,pos
24843,Mission: Impossible II,2000,pos
24844,Shanghai Noon,2000,pos
2485,Paper The,1994,pos
24853,Atalante L,1934,pos
24854,Battlefield Earth,2000,neg
24855,Maybe Baby,2000,pos
24858,Titan A.E.,2000,pos
24859,Unagi,1997,pos
2486,Paper The,1994,pos
24860,Love & Sex,2000,pos
24862,Big Mommas House,2000,neg
24863,Running Free,1999,pos
24864,Chicken Run,2000,pos
24865,Gone in Sixty Seconds,2000,neg
24866,Loving Jezebel,1999,pos
24867,Big Mommas House,2000,neg
24868,Gone in Sixty Seconds,2000,neg
24869,Loves Labours Lost,2000,pos
2487,Paper The,1994,pos
24870,Gone in Sixty Seconds,2000,pos
24871,Out of Time,1998,pos
24872,Titan A.E.,2000,pos
24873,Dinosaur,2000,pos
24874,Mission: Impossible II,2000,pos
24875,American Pie,1999,pos
24876,Road Trip,2000,pos
24877,Screwed,2000,neg
24878,Small Time Crooks,2000,pos
24879,Shanghai Noon,2000,pos
2488,Guarding Tess,1994,pos
24880,WADD: The Life and Times of John C. Holmes,1998,pos
24881,Battlefield Earth,2000,neg
24882,Dellamorte Dellamore,1994,pos
24884,Screwed,2000,neg
24887,Virgin Suicides The,1999,neg
24888,Mission: Impossible II,2000,pos
24889,Gone in Sixty Seconds,2000,neg
2489,Backbeat,1993,pos
24895,Filth and the Fury The,2000,pos
24896,Timecode,2000,pos
24898,Small Time Crooks,2000,pos
24899,House on Haunted Hill,1999,pos
2490,Major League II,1994,neg
24900,Shaft,2000,pos
24901,Shichinin no samurai,1954,pos
24902,Shaft,2000,pos
24903,Passion of Mind,2000,pos
24904,Loves Labours Lost,2000,pos
24905,Shaft,2000,pos
24906,Coming to Light: Edward S. Curtis and the North American Indians,2000,pos
24907,Gone in Sixty Seconds,2000,neg
24909,Shaft,2000,pos
2491,Paper The,1994,pos
24910,Titan A.E.,2000,pos
24916,East Is East,1999,pos
24917,Gone in Sixty Seconds,2000,pos
24918,East Is East,1999,pos
24919,Mission: Impossible II,2000,pos
2492,Much Ado About Nothing,1993,pos
24920,Next Best Thing The,2000,pos
24921,Mr. Rices Secret,2000,pos
24922,Red Dirt,1999,pos
24924,Small Time Crooks,2000,pos
24925,Timecode,2000,pos
24926,U-571,2000,pos
24927,Pink Panther The,1963,pos
24928,Happy Texas,1999,pos
24929,Alice et Martin,1998,pos
2493,Thumbelina,1994,pos
24936,Chicken Run,2000,pos
24937,Fantasia/2000,1999,pos
2494,Guarding Tess,1994,pos
24940,Small Time Crooks,2000,pos
24941,Big Mommas House,2000,neg
24943,Titan A.E.,2000,pos
24945,Frequency,2000,pos
24946,Gladiator,2000,pos
24947,Battlefield Earth,2000,neg
24948,Titan A.E.,2000,pos
24949,East Is East,1999,pos
2495,Jimmy Hollywood,1994,pos
24950,Better Living Through Circuitry,2000,pos
24951,Loves Labours Lost,2000,pos
24956,Me Myself & Irene,2000,pos
24957,Big Mommas House,2000,pos
24958,Big Mommas House,2000,pos
24959,Deuce Bigalow: Male Gigolo,1999,pos
2496,Jimmy Hollywood,1994,neg
24965,Rules of Engagement,2000,pos
24966,Groove,2000,pos
24967,Big Mommas House,2000,neg
24969,Groove,2000,pos
2497,Fiorile,1993,pos
24970,Wonder Boys,2000,pos
24971,Skulls The,2000,pos
24972,Cradle Will Rock,1999,pos
24973,Mission to Mars,2000,neg
24974,Battlefield Earth,2000,neg
24975,Green Fire,1999,pos
24977,Big Mommas House,2000,neg
24978,Shanghai Noon,2000,pos
24979,Timecode,2000,pos
2498,House of the Spirits The,1993,pos
24980,Filth and the Fury The,2000,pos
24981,Mission: Impossible II,2000,pos
24982,Gone in Sixty Seconds,2000,pos
24983,Gone in Sixty Seconds,2000,neg
24984,Gone in Sixty Seconds,2000,neg
24985,East Is East,1999,pos
24986,Big Mommas House,2000,neg
24988,Jesus Son,1999,pos
2499,Four Weddings and a Funeral,1994,pos
24990,Mission: Impossible II,2000,pos
24993,Cat People,1982,pos
24994,Charade,1963,pos
24995,Shaft,2000,pos
24996,Boys and Girls,2000,pos
24997,Joe Goulds Secret,2000,pos
24998,Gone in Sixty Seconds,2000,neg
25001,Shaft,2000,pos
25002,Me Myself & Irene,2000,neg
25003,Boys and Girls,2000,neg
25006,Shaft,2000,pos
25007,Me Myself & Irene,2000,neg
25009,Chicken Run,2000,pos
25010,Loves Labours Lost,2000,pos
25011,Titan A.E.,2000,pos
25012,Virgin Suicides The,1999,pos
25013,Hamlet,null,pos
25014,Omega Code The,1999,pos
25018,Shaft,2000,pos
25019,Fantasia/2000,1999,pos
2502,Little Buddha,1993,pos
25020,Titan A.E.,2000,pos
25021,Boys and Girls,2000,neg
25022,Gone in Sixty Seconds,2000,pos
25023,Shaft,2000,pos
25024,Grand bleu Le,1988,pos
25025,Mission: Impossible II,2000,neg
25026,Mission: Impossible,1996,pos
25027,Dont Look at Me,1989,pos
25028,Blue Velvet,1986,pos
2503,Sirens,1994,pos
25030,Shaft,2000,pos
25031,Gladiator,2000,pos
25032,U-571,2000,pos
25033,Loves Labours Lost,2000,pos
25035,Chicken Run,2000,pos
25036,Patriot The,2000,pos
25037,Sunshine,1999,pos
25038,Ice From the Sun,2001,neg
2504,House of the Spirits The,1993,pos
25041,Drivetime The,1995,pos
25042,Drainiac!,2000,pos
25043,Last Stop The,2000,pos
25044,Skinned Alive,1989,pos
25045,Bad Manners,1997,pos
25046,Dead Next Door The,1988,pos
25048,Titan A.E.,2000,pos
25049,H.O.T.S.,1979,pos
2505,Threesome,1994,pos
25050,Amarcord,1974,pos
25051,Patriot The,2000,pos
25054,Perfect Storm The,2000,pos
25055,Patriot The,2000,pos
25056,Me Myself & Irene,2000,pos
25057,Me Myself & Irene,2000,pos
25058,Beau travail,1999,pos
25059,Chicken Run,2000,pos
2506,Hudsucker Proxy The,1994,pos
25060,Shaft,2000,pos
25061,Kiss Me Kate,1953,pos
25062,Me Myself & Irene,2000,neg
25063,Shadow Hours,2000,pos
25066,Loves Labours Lost,2000,pos
25069,Me Myself & Irene,2000,pos
2507,Clifford,1994,neg
25070,Kiss Me Kate,1953,pos
25073,Eye of the Beholder,1999,pos
25075,King Gimp,1999,pos
25076,Me Myself & Irene,2000,pos
25078,Gone in Sixty Seconds,2000,pos
25079,Titan A.E.,2000,pos
2508,Threesome,1994,pos
25081,Chicken Run,2000,pos
25082,Mission: Impossible II,2000,neg
25089,Mifunes sidste sang,1999,pos
2509,Schindlers List,1993,pos
25090,Chuck & Buck,2000,pos
25093,Me Myself & Irene,2000,pos
25094,Gone in Sixty Seconds,2000,neg
25095,Mission: Impossible II,2000,pos
25096,Patriot The,2000,pos
2510,Four Weddings and a Funeral,1994,pos
25100,Chicken Run,2000,pos
25101,Me Myself & Irene,2000,neg
25103,100% Arabica,1997,pos
25104,Chicken Run,2000,pos
25105,Felicias Journey,1999,pos
25106,Perfect Storm The,2000,pos
2511,Threesome,1994,pos
25110,Chutney Popcorn,1999,pos
25114,Lengua de las mariposas La,1999,pos
25115,Sunshine,1999,pos
25116,Patriot The,2000,pos
2512,Hudsucker Proxy The,1994,pos
25123,Adventures of Rocky & Bullwinkle The,2000,pos
25126,Chicken Run,2000,pos
25128,Perfect Storm The,2000,pos
25129,Chicken Run,2000,pos
2513,House of the Spirits The,1993,pos
25130,Me Myself & Irene,2000,pos
25131,Adventures of Rocky & Bullwinkle The,2000,pos
25132,Chicken Run,2000,pos
25134,Kid The,2000,pos
25135,Gone in Sixty Seconds,2000,neg
25136,Shaft,2000,pos
25137,Shining The,1980,pos
2514,House of the Spirits The,1993,pos
25149,Adventures of Rocky & Bullwinkle The,2000,pos
2515,Serial Mom,1994,pos
25150,Perfect Storm The,2000,pos
25151,Perfect Storm The,2000,pos
25152,Patriot The,2000,pos
25153,Yi ge dou bu neng shao,1999,pos
25154,Making The Shining,1980,pos
25155,Dinosaur,2000,pos
25156,Shaft,2000,pos
25157,Chuck & Buck,2000,pos
25158,Shaft,2000,pos
25159,Me Myself & Irene,2000,pos
2516,Serial Mom,1994,pos
25160,Perfect Storm The,2000,pos
25161,Age of Innocence The,1993,pos
25162,Patriot The,2000,pos
25163,Patriot The,2000,pos
25164,Perfect Storm The,2000,pos
25165,Final Destination,2000,pos
25166,Return to Me,2000,pos
25168,Girl Interrupted,1999,pos
25169,Virgin Suicides The,1999,pos
2517,Lunes de fiel,1992,pos
25170,Titan A.E.,2000,neg
25171,Fantasia/2000,1999,pos
25172,Chicken Run,2000,pos
25173,Me Myself & Irene,2000,neg
25174,Perfect Storm The,2000,pos
25175,Gothic,1986,neg
25176,Patriot The,2000,pos
25177,Scary Movie,2000,pos
25178,Jesus Son,1999,pos
25179,Scary Movie,2000,pos
2518,Cops and Robbersons,1994,neg
25188,Perfect Storm The,2000,pos
2519,Surviving the Game,1994,pos
25190,Patriot The,2000,pos
25197,Kid The,2000,pos
25198,Kid The,2000,pos
2520,Mothers Boys,1993,pos
25206,Perfect Storm The,2000,pos
25209,Party The,1968,pos
2521,Cops and Robbersons,1994,pos
25210,Whats Up Tiger Lily?,1966,pos
25211,Stereo,1969,pos
25212,Kid The,2000,pos
25213,Jesus Son,1999,pos
25214,Who Killed Atlantas Children?,2000,pos
25216,Scary Movie,2000,pos
25218,Wild Bunch The,1969,pos
25219,Goodfellas,1990,pos
2522,No Escape,1994,pos
25220,Five Senses The,1999,pos
25221,Perfect Storm The,2000,pos
25222,Big Mommas House,2000,neg
25223,Mr. Death: The Rise and Fall of Fred A. Leuchter Jr.,1999,pos
25224,Big Kahuna The,1999,pos
25225,Grass,1999,pos
25226,Scary Movie,2000,pos
2523,Piano The,1993,pos
25232,Xizao,1999,pos
25235,Kid The,2000,pos
25236,Scary Movie,2000,pos
25237,Lost Highway,1997,pos
25238,Up at the Villa,2000,pos
25239,Virgin Suicides The,1999,pos
2524,Backbeat,1993,pos
25240,Gone in Sixty Seconds,2000,pos
25241,Freddys Dead: The Final Nightmare,1991,pos
25242,Nightmare on Elm Street 5: The Dream Child A,1989,pos
25243,Nightmare on Elm Street 4: The Dream Master A,1988,pos
25244,Nightmare on Elm Street 3: Dream Warriors A,1987,pos
25249,Kid The,2000,pos
2525,Suture,1993,pos
25251,Somewhere in Time,1980,pos
25252,Titan A.E.,2000,pos
25253,Chicken Run,2000,pos
25254,Me Myself & Irene,2000,neg
25257,Scary Movie,2000,neg
25258,Life and Times of Hank Greenberg The,1998,pos
25259,Kid The,2000,pos
2526,Germinal,1993,pos
25260,Woman Chaser The,1999,pos
25264,Opportunists The,2000,pos
25266,X-Men,2000,pos
25267,Bedroom Window The,1987,pos
25268,Death Force,2000,neg
25269,Taking of Pelham One Two Three The,1974,pos
25270,Clue,1985,pos
25271,Kentucky Fried Movie The,1977,pos
25272,Odd Couple The,1968,pos
25274,Deuce Bigalow: Male Gigolo,1999,neg
25275,Castaway Cowboy The,1974,pos
25276,Kid The,2000,pos
25277,Perfect Storm The,2000,pos
25279,East Is East,1999,pos
2528,Oblivion,1994,pos
25280,Up at the Villa,2000,pos
25281,Keeping the Faith,2000,pos
25282,X-Men,2000,pos
25283,Fille sur le pont La,1999,pos
25287,Psycho Beach Party,2000,pos
25288,What Lies Beneath,2000,pos
2529,With Honors,1994,pos
25290,Titan A.E.,2000,pos
25292,Adventures of Rocky & Bullwinkle The,2000,pos
25293,Kid The,2000,pos
25294,Boys and Girls,2000,neg
25295,But Im a Cheerleader,1999,pos
25297,Blood Simple,1984,pos
25299,Shaft,2000,pos
2530,Bad Girls,1994,pos
25302,Patriot The,2000,pos
25304,Kid The,2000,pos
25305,Me Myself & Irene,2000,pos
25306,Patriot The,2000,pos
25307,Sunshine,1999,pos
25308,Mission: Impossible II,2000,neg
25309,Chicken Run,2000,pos
2531,Bad Girls,1994,neg
25310,Titan A.E.,2000,pos
25311,East Is East,1999,pos
25314,X-Men,2000,pos
25315,Scary Movie,2000,neg
25317,Sunshine,1999,pos
25318,What Lies Beneath,2000,pos
25319,What Lies Beneath,2000,pos
2532,Roosters,1993,pos
25321,East Is East,1999,pos
25322,X-Men,2000,pos
25327,Tao of Steve The,2000,pos
25329,X-Men,2000,pos
2533,Serial Mom,1994,pos
25330,Shadow Hours,2000,neg
25331,X-Men,2000,pos
25333,Yellow Submarine,1968,pos
25334,Kirlian Witness The,1978,pos
25335,Cecil B. DeMented,2000,pos
25336,Blood Simple,1984,pos
25337,Thomas and the Magic Railroad,2000,pos
25339,X-Men,2000,pos
2534,Serial Mom,1994,pos
25340,What Lies Beneath,2000,pos
25341,My Dog Skip,2000,pos
25343,X-Men,2000,pos
25347,What Lies Beneath,2000,pos
25348,Poketto monsutaa: Maboroshi no Pokemon X: Lugia bakudan,1999,pos
25349,House Divided A,2000,pos
2535,Sirens,1994,pos
25350,Chicken Run,2000,pos
25351,Rajio no jikan,1997,pos
25352,X-Men,2000,pos
25357,Bad ma ra khahad bord,1999,pos
25358,Loser,2000,pos
2536,Cronos,1993,pos
25360,Poketto monsutaa: Maboroshi no Pokemon X: Lugia bakudan,1999,pos
25361,Fille sur le pont La,1999,pos
25362,Quiz Show,1994,pos
25363,Shadow The,1994,pos
25364,Natural Born Killers,1994,pos
25365,Stargate,1994,pos
25366,Star Trek: Generations,1994,pos
25367,Paper The,1994,pos
25368,Ace Ventura: Pet Detective,1994,neg
25369,Shadowlands,1993,pos
2537,Red Rock West,1992,pos
25373,Scary Movie,2000,neg
25374,Loves Labours Lost,2000,pos
25375,Thomas and the Magic Railroad,2000,pos
25376,X-Men,2000,pos
25377,Saving Grace,2000,pos
25378,Loser,2000,pos
2538,Serial Mom,1994,pos
25380,Poketto monsutaa: Maboroshi no Pokemon X: Lugia bakudan,1999,pos
25381,In Crowd The,2000,neg
25384,Twin Falls Idaho,1999,pos
25385,Titan A.E.,2000,pos
2539,Lunes de fiel,1992,pos
25394,Titan A.E.,2000,pos
25395,Me Myself & Irene,2000,neg
25396,Chicken Run,2000,pos
2540,Favor The,1994,pos
25404,Jesus Son,1999,pos
25405,Shanghai Noon,2000,pos
25406,Gone in Sixty Seconds,2000,neg
2541,Red Rock West,1992,pos
25410,Loser,2000,pos
25411,Chicken Run,2000,pos
25412,What Lies Beneath,2000,pos
25413,Loser,2000,neg
25414,Beavis and Butt-head Do America,1996,neg
25415,Small Soldiers,1998,pos
25416,Mask of Zorro The,1998,pos
25417,Negotiator The,1998,pos
25418,Gone with the Wind,1939,pos
25419,Adult Version of Jekyll & Hyde The,1972,pos
25420,Thomas and the Magic Railroad,2000,pos
25421,Chuck & Buck,2000,pos
25423,What Lies Beneath,2000,pos
25424,Thomas and the Magic Railroad,2000,pos
25425,Cecil B. DeMented,2000,pos
25426,Loser,2000,neg
25427,Loser,2000,pos
2543,Girl in the Watermelon The,1994,pos
25434,In Crowd The,2000,pos
25436,What Planet Are You From?,2000,pos
25438,Amants criminels Les,1999,pos
25439,Trixie,2000,neg
2544,Chasers,1994,pos
25440,Ratcatcher,1999,pos
25441,In Crowd The,2000,pos
25442,Saving Grace,2000,pos
25443,X-Men,2000,pos
25444,Sri,1999,pos
25447,Loser,2000,neg
25448,What Lies Beneath,2000,pos
2545,With Honors,1994,pos
25450,Nutty Professor II: The Klumps,2000,pos
25452,Nutty Professor II: The Klumps,2000,pos
25454,Thomas and the Magic Railroad,2000,pos
25455,Timecode,2000,pos
25456,Baby The,1973,pos
25457,In Crowd The,2000,pos
2546,Clean Slate,1994,pos
25463,Halloween H20: 20 Years Later,1998,pos
25464,Nutty Professor II: The Klumps,2000,neg
25465,Crow: Salvation The,2000,pos
25466,Trixie,2000,neg
25467,Nutty Professor II: The Klumps,2000,pos
25468,High Fidelity,2000,pos
25469,Beau travail,1999,pos
2547,Clean Slate,1994,pos
25470,Patriot The,2000,pos
25471,Stuart Little,1999,pos
25472,Thomas and the Magic Railroad,2000,pos
25473,Mission: Impossible II,2000,pos
25474,Jesus Son,1999,pos
25476,Three to Tango,1999,pos
25478,Steal This Movie,2000,pos
25479,Nutty Professor II: The Klumps,2000,pos
2548,Cement Garden The,1993,pos
25481,Nutty Professor II: The Klumps,2000,pos
25482,But Im a Cheerleader,1999,pos
25484,Hollow Man,2000,pos
25486,In Crowd The,2000,pos
25487,What Lies Beneath,2000,pos
25488,Nutty Professor II: The Klumps,2000,pos
2549,Dutch Master The,1995,pos
25490,Wonderland,2000,pos
25491,Nutty Professor II: The Klumps,2000,neg
25492,Replacements The,2000,pos
25493,Replacements The,2000,neg
25494,Xizao,1999,pos
25495,Nutty Professor II: The Klumps,2000,neg
2550,Abgeschminkt!,1993,pos
2551,Widows Peak,1994,pos
2552,Being Human,1993,pos
2553,My Lifes in Turnaround,1993,pos
2554,No Escape,1994,pos
25546,Coyote Ugly,2000,neg
2555,Crow The,1994,pos
25552,Space Cowboys,2000,pos
25554,Hollow Man,2000,pos
25555,Saving Grace,2000,pos
25556,Croupier,1998,pos
25557,Une liaison pornographique,1999,pos
25558,Hamlet,null,pos
25559,Nutty Professor II: The Klumps,2000,neg
2556,Crow The,1994,neg
25560,Coyote Ugly,2000,pos
25563,American Beauty,1999,pos
25565,Hollow Man,2000,pos
25566,Space Cowboys,2000,pos
25567,Hollow Man,2000,pos
25568,Way of the Gun The,2000,pos
2557,Crow The,1994,pos
25571,Tao of Steve The,2000,pos
25572,Jesus Son,1999,pos
25573,Space Cowboys,2000,pos
25574,Hollow Man,2000,pos
25575,Groove,2000,pos
2558,Crow The,1994,pos
2559,Inkwell The,1994,pos
25590,Youve Got Mail,1998,pos
25591,Hollow Man,2000,pos
25593,Patriot The,2000,pos
25597,Hollow Man,2000,pos
2560,When a Man Loves a Woman,1994,pos
25600,What Lies Beneath,2000,pos
25601,Chicken Run,2000,pos
25602,Kid The,2000,pos
25603,In Crowd The,2000,pos
25604,Nutty Professor II: The Klumps,2000,pos
25605,Loser,2000,neg
25606,Patriot The,2000,pos
25607,Adventures of Rocky & Bullwinkle The,2000,pos
25608,X-Men,2000,pos
25609,Perfect Storm The,2000,neg
2561,When a Man Loves a Woman,1994,pos
25610,Scary Movie,2000,neg
2562,Cronos,1993,pos
25620,Fantasticks The,1995,pos
25621,Steal This Movie,2000,pos
25622,Ratcatcher,1999,pos
25625,Hollow Man,2000,neg
25627,Croupier,1998,pos
25628,Space Cowboys,2000,pos
2563,Secret of Roan Inish The,1994,pos
25630,Space Cowboys,2000,pos
25631,Fille sur le pont La,1999,pos
25632,Girlfight,2000,pos
25633,Bless the Child,2000,pos
25637,Girlfight,2000,pos
25638,Bless the Child,2000,pos
25639,Supergirl,1984,neg
2564,Thirty Two Short Films About Glenn Gould,1993,pos
25640,Big Mommas House,2000,pos
25641,Boys and Girls,2000,neg
25642,Chicken Run,2000,pos
25643,Dinosaur,2000,pos
25644,Erin Brockovich,2000,pos
25645,Frequency,2000,pos
25646,Gladiator,2000,pos
25647,Gone in Sixty Seconds,2000,pos
25648,Gladiator,2000,pos
25649,Pariah,1998,pos
2565,Two Plus One,1995,pos
25650,High Fidelity,2000,pos
25651,Loser,2000,neg
25652,Me Myself & Irene,2000,neg
25653,Mission: Impossible II,2000,pos
25654,Nutty Professor II: The Klumps,2000,neg
25655,Patriot The,2000,pos
25656,Perfect Storm The,2000,pos
25657,Road Trip,2000,neg
25658,Scary Movie,2000,neg
25659,Scream 3,2000,neg
2566,Crooklyn,1994,pos
25660,Shanghai Noon,2000,pos
25661,Shaft,2000,pos
25662,Space Cowboys,2000,neg
25663,Titan A.E.,2000,neg
25664,U-571,2000,pos
25665,What Lies Beneath,2000,pos
25666,X-Men,2000,neg
25668,Opportunists The,2000,pos
2567,Crooklyn,1994,pos
25674,Into the Arms of Strangers: Stories of the Kindertransport,2000,pos
25677,Five Senses The,1999,pos
25678,Here on Earth,2000,neg
25679,Long Nights Journey Into Day,2000,pos
2568,Men Lie,1994,pos
25680,Replacements The,2000,neg
25681,Under Suspicion,2000,pos
25683,Autumn in New York,2000,pos
25684,Bless the Child,2000,pos
25685,Autumn in New York,2000,pos
25686,Bless the Child,2000,pos
25687,Coyote Ugly,2000,neg
25688,Bless the Child,2000,pos
25689,Critters,1986,pos
2569,Nuits fauves Les,1992,pos
25692,Mission: Impossible II,2000,pos
25693,Help!,1965,pos
25695,Eyes of Tammy Faye The,2000,pos
25696,Gone in Sixty Seconds,2000,neg
25697,Coyote Ugly,2000,neg
25698,Autumn in New York,2000,pos
2570,When a Man Loves a Woman,1994,pos
2571,Cronos,1993,pos
2572,When a Man Loves a Woman,1994,pos
25723,Autumn in New York,2000,pos
25724,Saving Grace,2000,pos
25727,Cell The,2000,pos
25728,Animal Factory,2000,pos
25729,Cell The,2000,pos
2573,Where the Rivers Flow North,1993,pos
25730,Ballad of Ramblin Jack The,2000,pos
25731,Cleopatras Second Husband,1998,pos
25732,Saving Grace,2000,pos
25733,Snow Falling on Cedars,1999,pos
25738,Replacements The,2000,pos
25739,But Im a Cheerleader,1999,pos
2574,Maverick,1994,pos
25740,Cell The,2000,pos
25741,Cell The,2000,pos
25742,X-Men,2000,pos
25744,Chopper,2000,pos
25749,Tao of Steve The,2000,pos
2575,Maverick,1994,pos
25754,Orfeu,1999,pos
25755,Cell The,2000,pos
25756,Bittersweet Motel,2000,pos
25757,Steal This Movie,2000,pos
25758,Autumn in New York,2000,pos
2576,Maverick,1994,pos
25761,Brazil,1985,pos
25762,Kalifornia,1993,pos
25763,Prince of Central Park,2000,pos
25764,Cleopatras Second Husband,1998,pos
25765,Gojira ni-sen mireniamu,1999,neg
25766,Cecil B. DeMented,2000,pos
25767,Cell The,2000,pos
25768,Sandy Bottom Orchestra The,2000,pos
2577,Even Cowgirls Get the Blues,1993,pos
25772,Cell The,2000,pos
25773,Cell The,2000,pos
25774,Almost Famous,2000,pos
25775,Gojira ni-sen mireniamu,1999,neg
25776,Critters 2: The Main Course,1988,pos
25777,What Lies Beneath,2000,pos
2578,City Slickers II: The Legend of Curlys Gold,1994,pos
25781,Blue Velvet,1986,pos
25782,Original Kings of Comedy The,2000,pos
25784,Wont Anybody Listen,2000,pos
25785,Original Kings of Comedy The,2000,pos
25786,Gojira ni-sen mireniamu,1999,neg
25787,Cell The,2000,pos
25788,Gojira ni-sen mireniamu,1999,pos
25789,Original Kings of Comedy The,2000,pos
2579,Thirty Two Short Films About Glenn Gould,1993,pos
25790,Cell The,2000,pos
25791,Well The,1997,pos
25793,Solomon and Gaenor,1999,pos
25794,Bring It On,2000,pos
25795,Cell The,2000,pos
25797,Rear Window,1954,pos
25798,Gojira,1954,pos
2580,Even Cowgirls Get the Blues,1993,pos
25806,Bootmen,2000,pos
25807,Coyote Ugly,2000,neg
25808,Fifth Element The,1997,pos
25809,Replacements The,2000,pos
2581,Little Buddha,1993,pos
25810,Space Cowboys,2000,pos
25811,Hollow Man,2000,pos
25812,Bring It On,2000,pos
25814,Stranger The,1946,pos
25815,Haunting The,1999,pos
25816,Madadayo,1993,pos
25818,Cell The,2000,pos
25819,Gojira ni-sen mireniamu,1999,neg
2582,Beverly Hills Cop III,1994,pos
25821,Bring It On,2000,pos
25822,Crew The,2000,pos
25823,Crew The,2000,pos
25824,True Romance,1993,pos
25825,Fille sur le pont La,1999,pos
25827,Titanic Town,1998,pos
2583,Abyss The,1989,pos
25833,Art of War The,2000,pos
25834,Art of War The,2000,neg
25836,Crew The,2000,pos
25838,Nurse Betty,2000,pos
2584,Beverly Hills Cop III,1994,neg
25841,Bring It On,2000,pos
25842,Art of War The,2000,neg
25843,Bring It On,2000,pos
25845,Replacements The,2000,neg
25847,Road Scholar,1993,pos
25848,Scary Movie,2000,neg
25849,Outer Limits The,1995,pos
2585,Beverly Hills Cop III,1994,neg
25850,Art of War The,2000,pos
25851,Crew The,2000,pos
25852,Woman on Top,1999,pos
25853,Nurse Betty,2000,pos
25854,Art of War The,2000,pos
25855,Bring It On,2000,pos
25856,Woman on Top,1999,pos
25857,Swimming,2000,pos
25858,Im the One That I Want,2000,pos
25859,Nurse Betty,2000,pos
2586,Beverly Hills Cop III,1994,pos
25860,Billy Elliot,2000,pos
25861,Steal This Movie,2000,pos
25862,Yi ge dou bu neng shao,1999,pos
25863,Family Plot,1976,pos
25865,Bring It On,2000,pos
25867,Tao of Steve The,2000,pos
25869,Ressources humaines,1999,pos
2587,Sirens,1994,pos
25870,Highlander: Endgame,2000,neg
25871,Whipped,1999,pos
25872,Art of War The,2000,pos
25873,Crew The,2000,pos
25878,Double Parked,2000,pos
25879,Killers Kiss,1955,pos
2588,One Foot On a Banana Peel the Other Foot in the Grave,1993,pos
25880,Viva Las Vegas,1964,pos
25881,Best in Show,2000,pos
25882,Siege The,1998,pos
25883,Showgirls,1995,neg
25884,Shanghai Noon,2000,pos
25886,Romeo Must Die,2000,pos
25887,Perfect Storm The,2000,pos
25889,Mimic,1997,pos
2589,Crow The,1994,pos
2590,Crow The,1994,pos
25902,Love & Sex,2000,pos
25903,Solas,1999,pos
25907,Whipped,1999,neg
2591,Crow The,1994,pos
25918,State and Main,2000,pos
2592,Crow The,1994,pos
25920,Crew The,2000,pos
25921,Saving Grace,2000,pos
25922,Chuck & Buck,2000,pos
25923,Titanic Town,1998,pos
25924,Nurse Betty,2000,pos
25925,Amants criminels Les,1999,pos
25926,Steal This Movie,2000,pos
25929,Whipped,1999,pos
2593,Cronos,1993,pos
25930,Billy Elliot,2000,pos
25931,Virgin Suicides The,1999,pos
25932,East Is East,1999,pos
25935,State and Main,2000,pos
25939,Raising Arizona,1987,pos
25940,Gojira ni-sen mireniamu,1999,neg
25941,Art of War The,2000,neg
25942,Cell The,2000,pos
25944,Manos the Hands of Fate,1966,pos
25945,Bring It On,2000,pos
25946,Turn It Up,2000,pos
2595,Cowboy Way The,1994,neg
25953,Whipped,1999,pos
25954,Saving Grace,2000,pos
25955,Billy Elliot,2000,pos
25956,Pay It Forward,2000,pos
25957,Highlander: Endgame,2000,neg
25959,Whipped,1999,neg
2596,Clean Slate,1994,pos
25960,Whipped,1999,pos
25961,Highlander: Endgame,2000,neg
25962,Whipped,1999,pos
25964,Saving Grace,2000,pos
25965,Space Cowboys,2000,pos
25966,Critters,1986,pos
25968,Pay It Forward,2000,pos
25969,Ballad of Ramblin Jack The,2000,pos
2597,Homme sur les quais L,1993,pos
25971,Hollow Man,2000,neg
25972,Nurse Betty,2000,pos
25973,Billy Elliot,2000,pos
25974,Watcher The,2000,neg
25979,Eyes of Tammy Faye The,2000,pos
2598,You So Crazy,1994,pos
25980,Whipped,1999,pos
25981,Chicken Run,2000,pos
25982,Turn It Up,2000,pos
25983,Way of the Gun The,2000,pos
25985,Billy Elliot,2000,pos
25988,Almost Famous,2000,pos
25989,Big Mommas House,2000,neg
2599,Fresh Kill,1994,pos
25990,Almost Famous,2000,pos
25991,Way of the Gun The,2000,pos
25992,Nurse Betty,2000,pos
25993,Evil Dead The,1982,pos
25994,Backstage,2000,pos
25995,Left Luggage,1998,pos
25996,Turn It Up,2000,pos
25998,Ballad of Ramblin Jack The,2000,pos
26001,Way of the Gun The,2000,pos
26002,Watcher The,2000,neg
26003,Watcher The,2000,pos
26007,Nurse Betty,2000,pos
26008,Saving Grace,2000,pos
26009,Watcher The,2000,neg
2601,Widows Peak,1994,pos
26010,Way of the Gun The,2000,pos
26011,Killing The,1956,pos
26012,Tao of Steve The,2000,pos
26013,Way of the Gun The,2000,pos
26014,Love & Sex,2000,pos
26015,Raising Arizona,1987,pos
26017,State and Main,2000,pos
26018,Under Suspicion,2000,pos
26019,Watcher The,2000,neg
2602,Widows Peak,1994,pos
26020,Way of the Gun The,2000,pos
26021,Whats Cooking?,2000,pos
26022,Woman on Top,1999,pos
26023,Yards The,2000,pos
26024,You Can Count on Me,2000,pos
26027,Fantasticks The,1995,pos
26028,Une liaison pornographique,1999,pos
26029,Contender The,2000,pos
2603,Favor The,1994,pos
26031,Rear Window,1954,pos
26032,True Lies,1994,pos
26033,Touch of Evil,1958,pos
26034,Nurse Betty,2000,pos
26035,Cell The,2000,pos
26036,Space Cowboys,2000,pos
26039,Solomon and Gaenor,1999,pos
2604,Flintstones The,1994,pos
26043,Best in Show,2000,pos
26044,Tropic of Cancer,1970,pos
26045,Contender The,2000,pos
26047,Bait,2000,pos
26048,Shadow of the Vampire,2000,pos
2605,Flintstones The,1994,pos
26052,Watcher The,2000,neg
26053,Bring It On,2000,pos
26056,Bait,2000,pos
26057,Life and Times of Hank Greenberg The,1998,pos
26058,Fantasticks The,1995,pos
26059,Two Family House,2000,pos
2606,Flintstones The,1994,pos
26060,Goya,1999,pos
26061,Envy,1999,pos
26065,X-Men,2000,pos
26066,Highlander: Endgame,2000,pos
26067,Way of the Gun The,2000,pos
26068,Omega Code The,1999,pos
26069,Space Cowboys,2000,pos
2607,When a Man Loves a Woman,1994,pos
26070,Duets,2000,pos
26072,Se7en,1995,pos
26073,Terminator 2: Judgment Day,1991,pos
26074,Watcher The,2000,neg
26075,Nurse Betty,2000,pos
26076,Bless the Child,2000,neg
26077,Highlander: Endgame,2000,pos
26078,Crew The,2000,pos
26079,Whipped,1999,neg
2608,Kika,1993,pos
26087,Skeleton Woman,2000,pos
26088,Monarch,2000,pos
26089,Way of the Gun The,2000,pos
2609,Fils du requin Le,1993,pos
26091,Woman on Top,1999,pos
26095,Almost Famous,2000,pos
26096,Ressources humaines,1999,pos
26099,Duets,2000,pos
2610,Tikhiye stranitsy,1993,pos
26100,Duets,2000,pos
26101,Broken Hearts Club: A Romantic Comedy The,2000,pos
26102,Bait,2000,pos
26103,Under Suspicion,2000,pos
26104,Eyes of Tammy Faye The,2000,pos
26105,Best in Show,2000,neg
26106,Duets,2000,pos
26108,Yards The,2000,pos
26109,Almost Famous,2000,pos
2611,Adventures of Priscilla Queen of the Desert The,1994,pos
26110,Blessed Art Thou,2000,pos
26111,Collectors The,1999,pos
26114,Turn It Up,2000,neg
26115,Bait,2000,pos
26116,Art of War The,2000,pos
26119,Love & Sex,2000,pos
2612,Little Buddha,1993,pos
26120,Original Kings of Comedy The,2000,pos
26121,Almost Famous,2000,pos
26123,Watcher The,2000,neg
26124,Highlander: Endgame,2000,pos
26125,Way of the Gun The,2000,pos
2613,Backbeat,1993,pos
26130,Exorcist The,1973,pos
26131,Yi yi,2000,pos
26136,Nurse Betty,2000,pos
26137,Woman on Top,1999,pos
26138,Urban Legends: Final Cut,2000,neg
26139,Meet the Parents,2000,pos
2614,Renaissance Man,1994,neg
26140,Mifunes sidste sang,1999,pos
26143,Best in Show,2000,pos
26144,Nurse Betty,2000,pos
26146,Almost Famous,2000,pos
26147,Duets,2000,pos
26150,Bait,2000,pos
26151,Exorcist The,1973,pos
26155,Psycho Beach Party,2000,pos
26156,Bait,2000,neg
26158,Urban Legends: Final Cut,2000,pos
26159,Bait,2000,pos
2616,Speed,1994,neg
26161,Remember the Titans,2000,pos
26162,Best in Show,2000,pos
26163,Bait,2000,pos
26166,Urbania,2000,pos
26167,Urbania,2000,pos
26168,Urban Legends: Final Cut,2000,neg
2617,Flintstones The,1994,pos
26170,Nurse Betty,2000,neg
26174,Chunhyang,2000,pos
26176,Across the Pacific,1942,pos
26178,Beverly Hills Cop,1984,pos
26179,Shadow of the Vampire,2000,pos
2618,City Slickers II: The Legend of Curlys Gold,1994,pos
26180,Bait,2000,pos
26183,Bait,2000,pos
26186,Almost Famous,2000,pos
26187,Urban Legends: Final Cut,2000,pos
26189,Psycho Beach Party,2000,pos
2619,Cowboy Way The,1994,pos
26190,Woman on Top,1999,pos
26192,Urban Legends: Final Cut,2000,neg
26194,Exorcist The,1973,pos
26195,Dancer in the Dark,2000,pos
26199,Sholay,1975,pos
2620,Cowboy Way The,1994,pos
26200,Videodrome,1983,pos
26201,North by Northwest,1959,pos
26202,Flesh & Blood,1985,pos
26204,One,1998,pos
26205,Innocence,2000,pos
26206,Two Family House,2000,pos
26208,Beautiful,2000,neg
26209,Girlfight,2000,pos
2621,Leon the Pig Farmer,1992,pos
26210,Girlfight,2000,pos
26211,Woman on Top,1999,pos
26212,Trixie,2000,pos
26217,Remember the Titans,2000,pos
26218,Almost Famous,2000,pos
2622,Last Seduction The,1994,pos
26220,Waking the Dead,null,pos
26229,Cecil B. DeMented,2000,pos
2623,Renaissance Man,1994,pos
26230,Barenaked in America,1999,pos
26231,Remember the Titans,2000,pos
26232,Whats Cooking?,2000,pos
26239,Beautiful,2000,pos
2624,Naked in New York,1994,pos
26240,Punks,2000,pos
26242,Contender The,2000,pos
26244,Contender The,2000,pos
26245,Meet the Parents,2000,pos
26246,Girlfight,2000,pos
26247,Remember the Titans,2000,pos
26248,Beautiful,2000,pos
26249,Remember the Titans,2000,pos
2625,Zero Patience,1993,pos
26251,Girlfight,2000,pos
26253,Requiem for a Dream,2000,pos
26254,You Can Count on Me,2000,pos
2626,Speed,1994,pos
26260,CyberWorld,2000,pos
26261,Remember the Titans,2000,pos
26264,Beautiful,2000,pos
26265,Remember the Titans,2000,pos
26266,Jesus Son,1999,pos
26267,Almost Famous,2000,pos
26268,Duets,2000,pos
26269,Prince of the City,1981,pos
2627,Lan feng zheng,1993,pos
26270,Reindeer Games,2000,neg
26271,Beautiful,2000,neg
26276,Goat on Fire and Smiling Fish,1999,pos
26278,Bicentennial Man,1999,pos
26279,Deuce Bigalow: Male Gigolo,1999,neg
2628,Lan feng zheng,1993,pos
26280,Whole Nine Yards The,2000,neg
26281,Girl Interrupted,1999,pos
26283,Mission: Impossible II,2000,pos
26284,Perfect Storm The,2000,pos
26285,Remember the Titans,2000,pos
26287,Im the One That I Want,2000,pos
2629,Akira,1988,pos
26291,Booye kafoor atre yas,2000,pos
26292,Bamboozled,2000,pos
26293,Just Looking,1999,pos
26297,Wo hu cang long,2000,pos
26298,This Is Spinal Tap,1984,pos
26299,Almost Famous,2000,pos
2630,Widows Peak,1994,pos
26300,Scary Movie,2000,neg
26301,Remember the Titans,2000,pos
2631,Renaissance Man,1994,pos
26311,Get Carter,2000,pos
26312,Santitos,1997,pos
26313,Girlfight,2000,pos
26314,Billy Elliot,2000,pos
26315,Bamboozled,2000,pos
26316,Separate Lives,1995,pos
26317,Getting Even with Dad,1994,pos
26318,Relentless IV: Ashes to Ashes,1994,pos
26319,TekWar,1994,pos
2632,Speed,1994,pos
26320,Blood Run,1994,neg
26321,Remains of the Day The,1993,pos
26322,Evil Dead The,1982,pos
26323,Flashfire,1993,pos
26324,Chase The,1994,neg
26325,Maverick,1994,pos
26326,Fatal Instinct,1993,neg
26328,Holy Matrimony,1994,pos
26329,Wrong Man The,1993,pos
2633,Renaissance Man,1994,pos
26330,Dream Lover,1994,pos
26331,Fearless,1993,pos
26332,Short Cuts,1993,pos
26333,Tombstone,1993,pos
26334,Equinox,1992,pos
26335,Eye of the Storm,1991,neg
26336,Scam,1993,pos
26338,Yards The,2000,pos
2634,Four Weddings and a Funeral,1994,pos
26343,Requiem for a Dream,2000,pos
26345,Tao of Steve The,2000,pos
26347,Bamboozled,2000,pos
26348,Yards The,2000,pos
26349,I Claudius,1976,pos
2635,Zero Patience,1993,pos
26352,Requiem for a Dream,2000,pos
26354,Dr. T & the Women,2000,pos
2636,Little Buddha,1993,pos
26360,Rocky Horror Picture Show The,1975,pos
26362,Remember the Titans,2000,pos
26363,Get Carter,2000,pos
26364,Meet the Parents,2000,pos
26365,Scream 3,2000,pos
26366,Kundun,1997,pos
26368,Messenger: The Story of Joan of Arc The,1999,pos
2637,City Slickers II: The Legend of Curlys Gold,1994,pos
26371,Cube,1997,pos
26373,Bone Collector The,1999,pos
26376,Any Given Sunday,1999,pos
26378,Chicken Run,2000,pos
26379,Haunting The,1999,neg
2638,City Slickers II: The Legend of Curlys Gold,1994,pos
26381,High Fidelity,2000,pos
26383,Meet the Parents,2000,pos
26384,2 Days in the Valley,1996,pos
26385,Dancer in the Dark,2000,pos
26386,Pay It Forward,2000,pos
26387,Catfish in Black Bean Sauce,2000,pos
26388,Dancer in the Dark,2000,pos
26389,Contender The,2000,pos
2639,Widows Peak,1994,pos
26390,Meet the Parents,2000,pos
26391,Dancer in the Dark,2000,pos
26392,Hua yang nian hua,2000,pos
26393,Cupids Mistake,2000,neg
26396,Tigerland,2000,pos
2640,Speed,1994,neg
26404,Requiem for a Dream,2000,pos
26407,Dr. T & the Women,2000,pos
2641,Speed,1994,pos
26411,Ladies Man The,2000,pos
26412,Digimon: The Movie,2000,pos
26413,Lost Souls,2000,pos
26414,Bamboozled,2000,pos
26415,Sound and Fury,2000,pos
26419,Lost Souls,2000,pos
2642,Getting Even with Dad,1994,pos
26421,Best in Show,2000,pos
26422,Solomon and Gaenor,1999,pos
26424,Eyes of Tammy Faye The,2000,pos
26425,Meet the Parents,2000,pos
26426,Best in Show,2000,pos
26427,Contender The,2000,pos
26428,Lost Souls,2000,pos
26429,Dr. T & the Women,2000,pos
26432,Tao of Steve The,2000,pos
26433,Lost Souls,2000,pos
26434,Trixie,2000,pos
26436,eXistenZ,1999,pos
26437,Green Mile The,1999,pos
2644,Maverick,1994,pos
26442,Ladies Man The,2000,neg
26443,Get Carter,2000,neg
26444,Get Carter,2000,pos
26445,Pitch Black,2000,pos
26448,Yi ge dou bu neng shao,1999,pos
26449,Jesus Son,1999,pos
2645,Arizona Dream,1993,pos
26450,Kikujiro no natsu,1999,pos
26451,Crew The,2000,pos
26453,Pay It Forward,2000,pos
26455,Get Carter,2000,neg
26456,Dr. T & the Women,2000,pos
26457,Get Carter,2000,neg
26458,Dr. T & the Women,2000,pos
26459,Lost Souls,2000,pos
2646,Dream Lover,1994,pos
26465,Contender The,2000,pos
26466,Contender The,2000,pos
26467,Bait,2000,pos
26468,Get Carter,2000,neg
26469,Clue,1985,pos
2647,Review for,null,pos
26470,Embrace of the Vampire,1994,neg
26471,Exorcist The,1973,pos
26472,Almost Famous,2000,pos
26473,Way of the Gun The,2000,pos
26475,Meet the Parents,2000,pos
26476,Swimming with Sharks,1994,pos
26477,Remember the Titans,2000,pos
26478,Unforgiven,1992,pos
26479,Urban Legends: Final Cut,2000,neg
2648,Wolf,1994,pos
26480,Vampires,1998,neg
26481,Haunting The,1999,neg
26482,High Fidelity,2000,pos
26484,Any Given Sunday,1999,pos
26485,Bone Collector The,1999,pos
26486,Messenger: The Story of Joan of Arc The,1999,pos
26487,Best in Show,2000,pos
26488,Broken Hearts Club: A Romantic Comedy The,2000,pos
26489,Cleopatras Second Husband,1998,pos
2649,Wolf,1994,pos
26490,Dark Days,2000,pos
26491,Dr. T & the Women,2000,pos
26492,Best in Show,2000,pos
26493,Dr. T & the Women,2000,pos
26495,Lost Souls,2000,pos
26496,Ladies Man The,2000,pos
26497,Best in Show,2000,pos
26498,Meet the Parents,2000,pos
26499,Ladies Man The,2000,neg
2650,Wolf,1994,pos
2651,Wolf,1994,pos
2652,Wolf,1994,pos
2653,Trzy kolory: Bialy,1994,pos
26531,Bedazzled,2000,pos
26532,Book of Shadows: Blair Witch 2,2000,pos
26535,Bedazzled,2000,pos
26536,Amityville Horror The,1979,pos
26537,Heaven with a Gun,1969,pos
26538,Ran,1985,pos
26539,Dancer in the Dark,2000,pos
2654,Trzy kolory: Bialy,1994,pos
26541,Pay It Forward,2000,pos
26542,Pay It Forward,2000,pos
26544,Lost Souls,2000,pos
26545,One,2000,pos
26546,Dr. T & the Women,2000,pos
26547,Dancer in the Dark,2000,pos
26548,Jui kuen II,1994,pos
26549,Exorcist The,1973,pos
2655,Golem Le,1936,pos
26551,Duets,2000,pos
26553,Bedazzled,2000,pos
26555,Nightmare Before Christmas The,1993,pos
26556,Bedazzled,2000,pos
2656,Fear of a Black Hat,1993,pos
26560,Bring It On,2000,pos
26561,Meet the Parents,2000,pos
26562,Shanghai Noon,2000,pos
26563,Jesus Son,1999,pos
26565,Girlfight,2000,pos
26566,Bamboozled,2000,pos
26567,Room for Romeo Brass A,1999,pos
2657,Erotique,1994,pos
26572,Bedazzled,2000,pos
26573,Book of Shadows: Blair Witch 2,2000,pos
26574,Pay It Forward,2000,pos
26577,Rock n Roll Frankenstein,1999,pos
2658,Kika,1993,pos
26589,Cube,1997,neg
2659,Getting Even with Dad,1994,neg
26591,Pay It Forward,2000,pos
26592,Bamboozled,2000,pos
26593,Bedazzled,2000,pos
26599,Pay It Forward,2000,pos
2660,Lion King The,1994,pos
26600,Little Vampire The,2000,pos
26601,Dr. T & the Women,2000,pos
26603,Two Family House,2000,pos
26607,Pay It Forward,2000,pos
26608,Two Family House,2000,pos
2661,Lion King The,1994,pos
26610,Meet the Parents,2000,pos
26611,Dr. T & the Women,2000,pos
26612,Jui kuen II,1994,pos
26614,Best in Show,2000,pos
26616,Shawshank Redemption The,1994,pos
26617,Drop Zone,1994,pos
26618,Outbreak,1995,pos
26619,Wyatt Earp,1994,pos
2662,Lion King The,1994,pos
26620,F.T.W.,1994,pos
26621,Love Potion No. 9,1991,pos
26622,Wolf,1994,pos
26623,Good Policeman The,1991,pos
26624,Hard Drive,1994,pos
26626,Lucky Numbers,2000,pos
2663,Lion King The,1994,pos
26630,Lucky Numbers,2000,pos
26631,Wonderland,1999,pos
26632,Dr. T & the Women,2000,pos
26633,Dr. T & the Women,2000,pos
26634,Almost Famous,2000,pos
26635,Bedazzled,2000,pos
26637,Bedazzled,2000,pos
26639,Book of Shadows: Blair Witch 2,2000,pos
2664,Lion King The,1994,pos
26642,Lucky Numbers,2000,pos
26648,O Brother Where Art Thou?,2000,pos
26649,Nightmare Before Christmas The,1993,pos
2665,Lion King The,1994,pos
26655,You Can Count on Me,2000,pos
2666,Wyatt Earp,1994,neg
26660,Loving Jezebel,1999,pos
26662,Legend of Bagger Vance The,2000,pos
26663,Blue Moon,2000,pos
26664,Loving Jezebel,1999,pos
26666,Playing Mona Lisa,2000,pos
2667,Wyatt Earp,1994,pos
26672,Book of Shadows: Blair Witch 2,2000,pos
26673,Lucky Numbers,2000,neg
26678,Charlies Angels,2000,pos
2668,Wyatt Earp,1994,pos
26680,Charlies Angels,2000,pos
26682,Lucky Numbers,2000,pos
26683,Sculptress The,2000,neg
26685,Best in Show,2000,pos
26687,House of Mirth The,2000,pos
26688,Book of Shadows: Blair Witch 2,2000,neg
2669,Conte dhiver,1992,pos
26691,Book of Shadows: Blair Witch 2,2000,pos
26692,Lucky Numbers,2000,neg
26693,Charlies Angels,2000,pos
26694,Bedazzled,2000,pos
26695,Charlies Angels,2000,pos
26696,Lucky Numbers,2000,pos
26697,Angels Ladies,2000,pos
26698,Book of Shadows: Blair Witch 2,2000,pos
26699,Little Vampire The,2000,pos
2670,Lion King The,1994,pos
26700,Halloween,1978,pos
26701,Charlies Angels,2000,pos
26702,Legend of Bagger Vance The,2000,pos
26703,Frankenstein,1931,pos
26704,Book of Shadows: Blair Witch 2,2000,pos
26705,Paths of Glory,1957,pos
26706,Spartacus,1960,pos
2671,I Love Trouble,1994,pos
26710,Gojitmal,1999,pos
26711,Lucky Numbers,2000,pos
26717,Angels Ladies,2000,pos
26718,Whats Cooking?,2000,pos
26719,Exorcist The,1973,pos
2672,Lion King The,1994,pos
26722,Charlies Angels,2000,neg
26723,Legend of Bagger Vance The,2000,pos
26724,Requiem for a Dream,2000,pos
26728,One Day in September,1999,pos
2673,I Love Trouble,1994,pos
26731,Book of Shadows: Blair Witch 2,2000,neg
26732,Charlies Angels,2000,pos
26734,Red Planet,2000,neg
26735,Legend of Bagger Vance The,2000,pos
26736,Men of Honor,2000,pos
26737,Legend of Bagger Vance The,2000,pos
26738,Just Looking,1999,pos
26739,Live Nude Girls Unite!,2000,pos
2674,I Love Trouble,1994,pos
26740,Animal Factory,2000,pos
26742,Legend of Bagger Vance The,2000,pos
26744,Mission: Impossible II,2000,neg
26745,Titan A.E.,2000,pos
26746,Book of Shadows: Blair Witch 2,2000,pos
26747,Celebrity,1998,pos
26748,Man on the Moon,1999,pos
26749,Pitch Black,2000,pos
2675,Trzy kolory: Bialy,1994,pos
26750,Rules of Engagement,2000,neg
26751,Scary Movie,2000,neg
26758,Charlies Angels,2000,pos
26759,Memento,2000,pos
2676,Babys Day Out,1994,pos
26760,Legend of Bagger Vance The,2000,pos
26761,Desecration,1999,pos
26763,Legend of Bagger Vance The,2000,pos
26764,Little Nicky,2000,neg
26765,Cradle Will Rock,1999,pos
26766,Hanging Up,2000,pos
26769,Charlies Angels,2000,pos
2677,Shadow The,1994,pos
26771,Little Nicky,2000,pos
26772,Little Nicky,2000,pos
26775,Little Nicky,2000,pos
26777,Little Nicky,2000,pos
2678,Shadow The,1994,pos
26780,Bad ma ra khahad bord,1999,pos
26782,Red Planet,2000,pos
26786,Red Planet,2000,neg
26787,Men of Honor,2000,pos
26788,6th Day The,2000,pos
26789,Une liaison pornographique,1999,pos
2679,Shadow The,1994,pos
26790,Little Nicky,2000,pos
26794,Red Planet,2000,neg
26795,Une liaison pornographique,1999,pos
26796,Red Planet,2000,pos
26797,6th Day The,2000,pos
2680,Fear of a Black Hat,1993,pos
26801,Red Planet,2000,pos
26802,Any Given Sunday,1999,pos
26803,Mystery Alaska,1999,neg
26804,Charlies Angels,2000,neg
26806,Talented Mr. Ripley The,1999,pos
26808,Little Nicky,2000,pos
2681,Desperate Remedies,1993,pos
26812,Quills,2000,pos
26813,How the Grinch Stole Christmas,2000,pos
26818,Bless the Child,2000,pos
26819,Coyote Ugly,2000,pos
2682,Blown Away,1994,pos
26822,Me Myself & Irene,2000,neg
26823,Mission: Impossible II,2000,neg
26824,Replacements The,2000,neg
26825,2001: A Space Odyssey,1968,pos
26826,Bamboozled,2000,pos
2683,Blown Away,1994,neg
26834,Men of Honor,2000,pos
26835,Dr. Strangelove or: How I Learned to Stop Worrying and Love the Bomb,1964,pos
26837,Bicentennial Man,1999,pos
26838,Meet Joe Black,1998,pos
26839,Red Planet,2000,pos
2684,Blown Away,1994,pos
26840,Veuve de Saint-Pierre La,2000,pos
26843,Men of Honor,2000,pos
26844,Red Planet,2000,neg
26845,Dangan ranna,1996,pos
26847,Rugrats in Paris: The Movie,2000,pos
26848,6th Day The,2000,pos
2685,Little Big League,1994,pos
26853,Men of Honor,2000,pos
26854,Billy Elliot,2000,pos
2686,Forrest Gump,1994,pos
26860,Matinee,1993,pos
26861,Smile,1975,pos
26862,Motorama,1991,pos
26863,Bounce,2000,pos
26865,Clockwork Orange A,1971,pos
26866,Weekend The,1999,pos
26867,How the Grinch Stole Christmas,2000,pos
2687,Forrest Gump,1994,pos
26871,Red Planet,2000,pos
26873,6th Day The,2000,pos
26874,How the Grinch Stole Christmas,2000,pos
26875,Bounce,2000,pos
26876,Bounce,2000,pos
26878,Unbreakable,2000,pos
2688,Forrest Gump,1994,pos
26880,Sisters,1973,pos
26882,Jui kuen II,1994,pos
26883,Rugrats in Paris: The Movie,2000,pos
26884,Unbreakable,2000,pos
26885,How the Grinch Stole Christmas,2000,pos
26887,Bounce,2000,pos
26888,102 Dalmatians,2000,neg
2689,Forrest Gump,1994,pos
26891,Rugrats in Paris: The Movie,2000,pos
26892,Requiem for a Dream,2000,pos
26894,6th Day The,2000,pos
26899,Quills,2000,pos
2690,Go Fish,1994,pos
26900,You Can Count on Me,2000,pos
26901,102 Dalmatians,2000,pos
26902,How the Grinch Stole Christmas,2000,neg
26903,Bounce,2000,pos
26904,How the Grinch Stole Christmas,2000,pos
26905,How the Grinch Stole Christmas,2000,pos
26907,Poor White Trash,2000,pos
2691,Go Fish,1994,pos
26910,6th Day The,2000,pos
26912,102 Dalmatians,2000,pos
26913,Unbreakable,2000,pos
26915,Unbreakable,2000,pos
26916,Me & Isaac Newton,1999,pos
26918,Me & Isaac Newton,1999,pos
26919,You Can Count on Me,2000,pos
2692,Go Fish,1994,pos
26922,6th Day The,2000,pos
26926,Before Night Falls,2000,pos
26929,Unbreakable,2000,pos
2693,Wyatt Earp,1994,pos
26930,102 Dalmatians,2000,neg
26932,Christmas Story A,1983,pos
26935,102 Dalmatians,2000,neg
26939,Unbreakable,2000,pos
2694,Babys Day Out,1994,pos
26940,Bounce,2000,pos
26941,You Can Count on Me,2000,pos
26946,Unbreakable,2000,pos
2695,Babys Day Out,1994,pos
26952,Billy Elliot,2000,pos
26953,Meet the Parents,2000,pos
26954,Red Planet,2000,pos
26955,Unbreakable,2000,pos
26957,Unbreakable,2000,pos
26958,How the Grinch Stole Christmas,2000,pos
26959,Sound and Fury,2000,pos
2696,Forrest Gump,1994,pos
26960,Family Man The,2000,pos
26962,Unbreakable,2000,pos
26963,Sound and Fury,2000,pos
26967,Cell The,2000,pos
26968,Unbreakable,2000,pos
26969,Unbreakable,2000,pos
2697,Blown Away,1994,neg
26970,Unbreakable,2000,pos
26977,Bounce,2000,pos
26978,Tao of Steve The,2000,pos
2698,In Custody,1993,pos
26980,Lucky Numbers,2000,pos
26981,Bounce,2000,pos
26983,Whats Cooking?,2000,pos
26986,Big Store The,1941,pos
26988,Olive the Other Reindeer,1999,pos
2699,Forrest Gump,1994,pos
26990,How the Grinch Stole Christmas,2000,neg
26991,State and Main,2000,pos
26992,Claim The,2000,pos
26993,Spring Forward,1999,pos
26996,Unbreakable,2000,pos
27000,Claim The,2000,pos
27002,Unbreakable,2000,pos
27007,O Brother Where Art Thou?,2000,pos
27008,Family Man The,2000,pos
27009,Little Nicky,2000,pos
2701,Fearless,1993,pos
27010,Red Planet,2000,neg
27011,6th Day The,2000,neg
27012,Unbreakable,2000,pos
27013,Bounce,2000,pos
27014,102 Dalmatians,2000,pos
27015,How the Grinch Stole Christmas,2000,pos
2702,True Lies,1994,pos
27020,Pollock,2000,pos
27025,Ressources humaines,1999,pos
27026,Everlasting Piece An,2000,pos
27028,Proof of Life,2000,pos
27029,Proof of Life,2000,pos
2703,True Lies,1994,neg
27030,Po Mo Knock Knock,1999,pos
27032,Proof of Life,2000,pos
27033,Vertical Limit,2000,pos
27034,Holiday Heart,2000,pos
27035,Proof of Life,2000,pos
27037,Everlasting Piece An,2000,pos
27039,O Brother Where Art Thou?,2000,pos
2704,True Lies,1994,pos
27043,Family Man The,2000,pos
27044,Vertical Limit,2000,pos
27045,Proof of Life,2000,pos
2705,True Lies,1994,pos
27050,Quills,2000,pos
27052,Proof of Life,2000,pos
27054,Goya,1999,pos
27055,Dungeons & Dragons,2000,neg
2706,True Lies,1994,pos
27060,Yi yi,2000,pos
27061,Family Man The,2000,pos
27063,Dungeons & Dragons,2000,pos
27064,O Brother Where Art Thou?,2000,pos
27066,Broken Hearts Club: A Romantic Comedy The,2000,pos
27067,Requiem for a Dream,2000,pos
27068,Proof of Life,2000,pos
27069,George Washington,2000,pos
2707,True Lies,1994,pos
27070,Quills,2000,pos
27071,Proof of Life,2000,pos
27072,Traffic,2000,pos
27073,Frequency,2000,pos
27074,Scorpio Rising,1964,pos
27075,Clockwork Orange A,1971,pos
2708,True Lies,1994,pos
27082,Before Night Falls,2000,pos
27083,Proof of Life,2000,pos
27087,Chocolat,2000,pos
27088,Thirteen Days,2000,pos
27089,Traffic,2000,pos
2709,Go Fish,1994,pos
27090,Yi yi,2000,pos
27091,Disappearing Acts,2000,pos
27093,Chocolat,2000,pos
27096,Dungeons & Dragons,2000,pos
27097,Mephisto,1981,pos
27098,Emperors New Groove The,2000,pos
27099,What Women Want,2000,pos
2710,Go Fish,1994,pos
27100,What Women Want,2000,pos
27101,Vertical Limit,2000,pos
27102,Sound and Fury,2000,pos
27103,Emperors New Groove The,2000,pos
27104,Vertical Limit,2000,pos
27106,Wo hu cang long,2000,pos
27107,Emperors New Groove The,2000,pos
27108,Thirteen Days,2000,pos
27109,O Brother Where Art Thou?,2000,pos
2711,I Love Trouble,1994,pos
27110,State and Main,2000,pos
27111,Cast Away,2000,pos
27112,Wo hu cang long,2000,pos
27114,O Brother Where Art Thou?,2000,pos
27115,6th Day The,2000,pos
27117,Genghis Blues,1999,pos
27118,Visit The,null,pos
27119,Harry un ami qui vous veut du bien,2000,pos
2712,Io speriamo che me la cavo,1993,pos
27120,Boiler Room,2000,pos
27121,Miss Congeniality,2000,pos
27122,Emperors New Groove The,2000,pos
27123,God Told Me To,1977,pos
27124,Cast Away,2000,pos
27125,Gift The,2000,pos
27126,Dungeons & Dragons,2000,pos
2713,Mi vida loca,1993,pos
27132,Visit The,null,pos
27133,Traffic,2000,pos
27134,Emperors New Groove The,2000,pos
27137,What Women Want,2000,pos
27138,Miss Congeniality,2000,pos
27139,Snatch.,2000,pos
2714,Forrest Gump,1994,pos
27140,How the Grinch Stole Christmas,2000,pos
27141,What Women Want,2000,pos
27142,Finding Forrester,2000,pos
27144,Visit The,null,pos
27145,Family Man The,2000,pos
27146,Finding Forrester,2000,pos
2715,Forrest Gump,1994,pos
27151,Miss Congeniality,2000,pos
27155,Cast Away,2000,pos
27156,Miss Congeniality,2000,pos
27157,Dude Wheres My Car?,2000,neg
27159,What Women Want,2000,pos
2716,Forrest Gump,1994,pos
27160,House of Mirth The,2000,pos
27161,Gift The,2000,pos
27162,What Women Want,2000,pos
27164,Miss Congeniality,2000,pos
27165,Traffic,2000,pos
27166,Miss Congeniality,2000,pos
27167,Dude Wheres My Car?,2000,neg
27168,Pollock,2000,pos
27169,Emperors New Groove The,2000,pos
2717,Spanking the Monkey,1994,pos
27170,What Women Want,2000,pos
27172,All the Pretty Horses,2000,pos
27173,Emperors New Groove The,2000,pos
27177,What Women Want,2000,pos
27178,Dude Wheres My Car?,2000,neg
27182,Miss Congeniality,2000,pos
27185,George Washington,2000,pos
27186,Skulls The,2000,neg
27187,Emperors New Groove The,2000,pos
2721,Thats Entertainment! III,1994,pos
27216,Dracula 2000,2000,neg
27218,Cast Away,2000,pos
27219,State and Main,2000,pos
2722,True Lies,1994,pos
27220,Low Self-Esteem Girl,2000,pos
27221,Loser,2000,neg
27226,Vatel,2000,pos
27228,Everlasting Piece An,2000,pos
27229,Finding Forrester,2000,pos
2723,True Lies,1994,pos
27230,Cast Away,2000,pos
27231,Dungeons & Dragons,2000,pos
27237,Wo hu cang long,2000,pos
27238,Tigerland,2000,pos
2724,Client The,1994,pos
27240,Miss Congeniality,2000,pos
27241,Cast Away,2000,pos
27243,Family Man The,2000,pos
27246,Chocolat,2000,pos
27247,Wo hu cang long,2000,pos
2725,Client The,1994,pos
27253,Dracula 2000,2000,neg
27254,What Women Want,2000,pos
27255,All the Pretty Horses,2000,pos
27256,Cast Away,2000,pos
27257,Quills,2000,pos
2726,Client The,1994,pos
27260,O Brother Where Art Thou?,2000,pos
27261,State and Main,2000,pos
27262,Quills,2000,pos
27263,Chocolat,2000,pos
2727,Angels in the Outfield,1994,pos
27273,Traffic,2000,pos
27274,Thirteen Days,2000,pos
27275,Wo hu cang long,2000,pos
27276,All the Pretty Horses,2000,pos
27277,Price of Glory,2000,pos
27278,Bis ans Ende der Welt,1991,pos
2728,Angels in the Outfield,1994,pos
27280,King Is Alive The,2000,pos
27281,Psy,1992,pos
27282,Mi nismo andjeli,1992,pos
27283,Forbidden Planet,1956,pos
2729,Secret Garden The,1993,pos
2731,Forrest Gump,1994,pos
2732,Forrest Gump,1994,pos
27325,Chocolat,2000,pos
27326,Traffic,2000,pos
2733,Forrest Gump,1994,pos
27330,Shadow of the Vampire,2000,pos
27331,American Psycho,2000,pos
27332,Exorcist The,1973,pos
27333,Book of Shadows: Blair Witch 2,2000,pos
27334,Exorcist II: The Heretic,1977,neg
27335,Shadow of the Vampire,2000,pos
27336,Series 7: The Contenders,2001,pos
27339,Vatel,2000,pos
2734,My Lifes in Turnaround,1993,neg
27340,Cast Away,2000,pos
27349,Before Night Falls,2000,pos
2735,North,1994,pos
27351,Dracula 2000,2000,neg
27353,Crime and Punishment in Suburbia,2000,pos
27356,Thirteen Days,2000,pos
27357,Girl Thing A,2001,pos
27359,Hard Days Night A,1964,pos
2736,North,1994,pos
27360,Invisible Circus The,2001,pos
27361,Thirteen Days,2000,pos
27362,Traffic,2000,pos
27367,O Brother Where Art Thou?,2000,pos
27368,Finding Forrester,2000,pos
27369,Chocolat,2000,pos
2737,Spanking the Monkey,1994,pos
27372,Traffic,2000,pos
27374,Series 7: The Contenders,2001,pos
27378,Save the Last Dance,2001,pos
2738,I Love Trouble,1994,pos
27382,Panic,2000,pos
27383,Billy Elliot,2000,pos
27384,Clockwork Orange A,1971,pos
27385,Scorpio Rising,1964,pos
27386,Bless the Child,2000,neg
27387,Wo hu cang long,2000,pos
2739,Bhaji on the Beach,1993,pos
27392,AntiTrust,2001,pos
27393,Miss Congeniality,2000,pos
27394,AntiTrust,2001,pos
27396,Panic,2000,pos
27397,Claire Dolan,1998,pos
27398,Me Myself I,1999,pos
27399,Hua yang nian hua,2000,pos
2740,Client The,1994,pos
27407,Double Take,2001,pos
27408,Yi yi,2000,pos
27409,Traffic,2000,pos
2741,Blown Away,1994,pos
27412,Gift The,2000,pos
27413,O Brother Where Art Thou?,2000,pos
27414,AntiTrust,2001,pos
27415,Double Take,2001,pos
27416,House of Mirth The,2000,pos
27418,Fisimatenten,2000,pos
27419,Save the Last Dance,2001,pos
2742,True Lies,1994,pos
27420,Prime Gig The,2000,pos
27423,Wishmaster,1997,pos
27424,Cell The,2000,pos
27426,Snatch.,2000,pos
27427,Snatch.,2000,pos
27428,Pollock,2000,pos
2743,True Lies,1994,pos
2744,True Lies,1994,pos
2745,Forrest Gump,1994,pos
27459,Save the Last Dance,2001,pos
2746,Mask The,1994,pos
27461,Before Night Falls,2000,pos
27462,Thirteen Days,2000,pos
27463,State and Main,2000,pos
27464,Wo hu cang long,2000,pos
27465,Terrorist The,1999,pos
27466,AntiTrust,2001,pos
27467,O Brother Where Art Thou?,2000,pos
27469,O Brother Where Art Thou?,2000,pos
2747,Mask The,1994,pos
27471,Double Take,2001,pos
27474,Panic,2000,pos
27475,Dude Wheres My Car?,2000,neg
27476,Pollock,2000,pos
27477,Snatch.,2000,pos
2748,Mask The,1994,pos
27482,Shining The,1980,pos
27483,Beneath the Valley of the Ultra-Vixens,1979,pos
27488,Five Senses The,1999,pos
27489,Pledge The,2001,pos
2749,Mask The,1994,pos
27490,Pledge The,2001,pos
27492,Pledge The,2001,pos
27493,Gift The,2000,pos
27494,Brave The,1997,pos
27495,Traffic,2000,pos
27496,Price of Milk The,2000,pos
27497,House of Mirth The,2000,pos
27498,Shadow of the Vampire,2000,pos
2750,North,1994,pos
27500,Before Night Falls,2000,pos
27501,State and Main,2000,pos
27503,Panic,2000,pos
27508,Snatch.,2000,pos
2751,Corsa dellinnocente La,1992,pos
27516,Snatch.,2000,pos
2752,Wolf,1994,pos
27520,Gift The,2000,pos
27521,Cast Away,2000,pos
27522,Surveillance,2000,pos
27527,Quills,2000,pos
27528,What Women Want,2000,pos
27529,Pledge The,2001,pos
2753,It Could Happen to You,1994,pos
27532,Thirteen Days,2000,pos
27533,O Brother Where Art Thou?,2000,pos
27534,Gift The,2000,pos
27536,Yi yi,2000,pos
2754,It Could Happen to You,1994,pos
27540,State and Main,2000,pos
27545,Mulino delle donne di pietra Il,1960,pos
27546,Atlantide L,1961,pos
27547,Manhunter,1986,pos
2755,Conformista Il,1970,pos
27550,Sugar & Spice,2001,pos
27551,Sugar & Spice,2001,pos
27552,Wedding Planner The,2001,neg
27554,Pledge The,2001,pos
27555,Suzhou he,2000,pos
27556,Shadow of the Vampire,2000,pos
27558,Cirque du Soleil: Dralion,2000,neg
27559,Amati Girls The,2000,pos
2756,Moi Ivan toi Abraham,1993,pos
27560,Wedding Planner The,2001,pos
27561,George Washington,2000,pos
27562,Wedding Planner The,2001,pos
2757,Patton,1970,pos
27571,Shadow of the Vampire,2000,pos
27572,Song jia huang chao,1997,pos
27574,Million Dollar Hotel The,2000,pos
2758,Black Beauty,1994,pos
27585,Chunhyang,2000,pos
27589,Solomon and Gaenor,1999,pos
2759,North,1994,pos
27590,Pee-wees Big Adventure,1985,pos
27592,Sugar & Spice,2001,pos
27595,Pripyat,1999,pos
27597,Pledge The,2001,pos
27598,Sugar & Spice,2001,neg
27599,Wedding Planner The,2001,pos
2760,It Could Happen to You,1994,pos
27600,Shadow of the Vampire,2000,pos
27601,Pledge The,2001,pos
27602,Snatch.,2000,pos
27604,Sugar & Spice,2001,neg
27605,Chocolat,2000,pos
2761,Clear and Present Danger,1994,pos
27610,Never Say Never Again,1983,neg
27612,Company Man,2000,pos
27613,Chocolat,2000,pos
27615,Pay It Forward,2000,pos
27618,Head Over Heels,2001,pos
27619,Head Over Heels,2001,pos
2762,Clear and Present Danger,1994,pos
27620,Dayereh,2000,pos
27621,Head Over Heels,2001,neg
27623,Chunhyang,2000,pos
27625,Gift The,2000,pos
27626,Head Over Heels,2001,neg
27627,Invisible Circus The,2001,pos
27629,Invisible Circus The,2001,pos
2763,Clear and Present Danger,1994,pos
27633,Valentine,2001,pos
27634,Valentine,2001,neg
27635,Valentine,2001,neg
27636,Hannibal,2001,pos
2764,Grumpy Old Men,1993,pos
2765,Little Rascals The,1994,pos
2766,In the Mouth of Madness,1995,pos
2767,Airheads,1994,pos
2768,Airheads,1994,neg
2769,Yin shi nan nu,1994,pos
2770,Clear and Present Danger,1994,pos
2771,Clear and Present Danger,1994,pos
2772,Io speriamo che me la cavo,1993,pos
27722,Down to Earth,2001,pos
27727,Cherry Falls,2000,pos
27728,Recess: Schools Out,2001,neg
27729,Sweet November,2001,pos
2773,Mask The,1994,pos
27732,3000 Miles to Graceland,2001,neg
27733,Recess: Schools Out,2001,pos
27735,Rhythm n Bayous: A Road Map to Louisiana Music,2000,pos
27736,Down to Earth,2001,neg
27737,Last Resort,2000,pos
27739,Monkeybone,2001,pos
2774,Airheads,1994,pos
27746,When Brendan Met Trudy,2000,pos
27748,Veuve de Saint-Pierre La,2000,pos
27749,Down to Earth,2001,neg
2775,Just Like a Woman,1992,pos
27750,Sweet November,2001,pos
27755,Left Behind: The Movie,2000,pos
27756,Left Behind: The Movie,2000,pos
27757,Valentine,2001,neg
2776,Shadow The,1994,pos
27760,Hannibal,2001,pos
27761,Valentine,2001,pos
27762,Snatch.,2000,pos
27763,Thirteen Days,2000,pos
27764,O Brother Where Art Thou?,2000,pos
27765,Dude Wheres My Car?,2000,pos
27766,Broken Arrow,1996,pos
27767,Dungeons & Dragons,2000,neg
27768,Evil Dead The,1982,pos
27769,Evil Dead II,1987,pos
2777,Barcelona,1994,pos
27770,Army of Darkness,1993,pos
27771,Ben-Hur,1959,pos
27772,Down to Earth,2001,pos
27773,3000 Miles to Graceland,2001,neg
27774,Elevator The,2001,pos
27775,Head Over Heels,2001,neg
2778,Barcelona,1994,pos
27780,Hannibal,2001,pos
27783,Head Over Heels,2001,neg
27785,Cavemans Valentine The,2001,pos
27786,Before Night Falls,2000,pos
27787,3000 Miles to Graceland,2001,pos
27788,3000 Miles to Graceland,2001,pos
27789,Monkeybone,2001,pos
2779,Laberinto de pasiones,1982,pos
27791,See Spot Run,2001,pos
27792,Chocolat,2000,pos
27794,Requiem for a Dream,2000,pos
27797,3000 Miles to Graceland,2001,pos
27798,Golden Bowl The,2000,pos
27799,Monkeybone,2001,neg
2780,Doomsday Gun,1994,pos
27804,3000 Miles to Graceland,2001,pos
27805,Morir,2000,pos
27806,Preston Tylk,2000,pos
27807,See Spot Run,2001,pos
27808,Maze,2000,pos
27809,Young Unknowns The,2000,pos
2781,Wide-Eyed and Legless,1994,pos
27810,Lansdown,2000,pos
27812,Monkeybone,2001,pos
27813,Haunted Castle,2001,neg
27815,This Is Not an Exit: The Fictional World of Bret Easton Ellis,2000,pos
27816,Monkeybone,2001,pos
27817,3000 Miles to Graceland,2001,pos
2782,Clear and Present Danger,1994,pos
27822,When Brendan Met Trudy,2000,pos
27823,Uomo delle stelle L,1995,pos
27825,See Spot Run,2001,neg
27826,Monkeybone,2001,pos
27827,Bavandar,2000,pos
27828,Lady in the Box,2000,pos
27829,Kill Me Again,1989,pos
2783,Mask The,1994,pos
27830,Gohatto,1999,pos
27831,Hannibal,2001,pos
27832,Gift The,2000,neg
27833,Naturally Native,1998,pos
27834,Before Night Falls,2000,pos
27836,Mexican The,2001,pos
27837,Mexican The,2001,pos
2784,Forrest Gump,1994,pos
27843,Center of the World The,2001,pos
27844,Biandan guniang,1998,pos
27845,Simon Magus,null,pos
27846,Down to Earth,2001,neg
27847,Ratcatcher,1999,pos
27848,Chocolat,2000,pos
27849,Mexican The,2001,pos
27850,Mexican The,2001,pos
27852,Iris,2000,pos
27854,Mexican The,2001,pos
27855,Mexican The,2001,pos
27856,Too Much Sleep,1997,pos
27858,15 Minutes,2001,pos
2786,Shopping,1994,pos
27860,Citizen James,2000,pos
27861,Felicidades,2000,pos
27862,Boku no ojisan,2000,pos
27864,See Spot Run,2001,neg
27865,Mexican The,2001,pos
2787,Natural Born Killers,1994,pos
27874,Mexican The,2001,pos
27875,Eu Tu Eles,2000,pos
27876,Valentine,2001,pos
27877,Mexican The,2001,pos
27878,Tailor of Panama The,2001,pos
27879,Before Night Falls,2000,pos
2788,Andre,1994,pos
27880,Pollock,2000,pos
27881,See Jane Run,2000,pos
27882,Hotel Splendide,2000,pos
27884,Anarchists,2000,pos
2789,Bad Boy Bubby,1993,pos
27895,Fuori dal mondo,1999,pos
27896,Swinger The,1966,neg
27897,Pay It Forward,2000,pos
27898,Me Myself & Irene,2000,neg
27899,Steal This Movie,2000,pos
2790,Color of Night,1994,neg
27901,Turn It Up,2000,pos
27906,15 Minutes,2001,pos
27907,Get Over It,2001,pos
2791,Color of Night,1994,neg
27910,Blow Dry,2001,pos
27911,Mexican The,2001,pos
27913,Too Much Sleep,1997,pos
27914,Company Man,2000,pos
27916,15 Minutes,2001,pos
27917,Company Man,2000,pos
27919,Cavemans Valentine The,2001,pos
2792,Color of Night,1994,neg
27920,Blow Dry,2001,pos
27922,When Brendan Met Trudy,2000,pos
27924,Shriek If You Know What I Did Last Friday the 13th,2000,neg
27925,15 Minutes,2001,pos
27926,Blow Dry,2001,pos
27929,Veuve de Saint-Pierre La,2000,pos
2793,Spanking the Monkey,1994,pos
27930,Beguiled The,1971,pos
27931,Wilby Conspiracy The,1975,pos
27933,O Brother Where Art Thou?,2000,pos
27934,Enemy at the Gates,2001,pos
27935,Get Over It,2001,pos
27937,Dune,2000,pos
27938,Cavemans Valentine The,2001,pos
27939,Heartbreakers,2001,pos
2794,Yin shi nan nu,1994,pos
27940,Enemy at the Gates,2001,pos
27941,Get Over It,2001,pos
27942,Dish The,2000,pos
27944,15 Minutes,2001,pos
27945,Get Over It,2001,pos
27948,House of Mirth The,2000,pos
2795,Milk Money,1994,pos
27950,Wedding Planner The,2001,pos
27951,Cavemans Valentine The,2001,pos
27952,Cavemans Valentine The,2001,pos
27953,Company Man,2000,pos
27954,Shriek If You Know What I Did Last Friday the 13th,2000,neg
27956,When Brendan Met Trudy,2000,pos
27957,Amores perros,2000,pos
27958,Too Much Sleep,1997,pos
2796,True Lies,1994,pos
27963,Dracula 2000,2000,pos
27964,Jui kuen II,1994,pos
27965,About Adam,2000,pos
27966,Boys and Girls,2000,pos
27967,15 Minutes,2001,pos
27968,George Washington,2000,pos
27969,Blow Dry,2001,pos
2797,Barcelona,1994,pos
27971,Traffic,2000,pos
27972,Cavemans Valentine The,2001,pos
2798,Clear and Present Danger,1994,pos
27980,Enemy at the Gates,2001,pos
27981,Zeros The,2001,pos
27982,Enemy at the Gates,2001,pos
27983,Bartleby,2001,pos
27984,Ghost Dog: The Way of the Samurai,1999,pos
27985,Shadow Magic,2000,pos
27986,15 Minutes,2001,pos
27987,Monkeybone,2001,neg
27988,Saving Silverman,2001,neg
27989,Cast Away,2000,pos
27991,Get Over It,2001,pos
27992,Beautiful Creatures,2000,pos
27993,Exit Wounds,2001,neg
27995,Doors The,1991,pos
27996,Enemy at the Gates,2001,pos
27998,Someone Like You...,2001,pos
27999,Too Much Sleep,1997,pos
28000,Heartbreakers,2001,pos
28001,Enemy at the Gates,2001,pos
28004,Climax,2000,neg
28007,Cherry Falls,2000,pos
28008,Exit Wounds,2001,pos
28009,Exit Wounds,2001,neg
2801,Natural Born Killers,1994,pos
28015,Exit Wounds,2001,neg
2802,Natural Born Killers,1994,pos
28020,Memento,2000,pos
28021,Lucky Numbers,2000,pos
28023,Tuesdays with Morrie,1999,pos
28024,Too Much Sleep,1997,pos
28026,Brothers The,null,pos
28028,If I Die Before I Wake,1998,pos
2803,Natural Born Killers,1994,pos
28031,Enemy at the Gates,2001,pos
28032,15 Minutes,2001,pos
28034,Heartbreakers,2001,pos
28037,Tailor of Panama The,2001,pos
28038,Say It Isnt So,2001,neg
2804,Natural Born Killers,1994,pos
28040,Memento,2000,pos
28041,Enemy at the Gates,2001,pos
28042,Say It Isnt So,2001,neg
28046,Tailor of Panama The,2001,pos
28047,Say It Isnt So,2001,pos
28048,Brothers The,null,pos
28049,Himalaya - lenfance dun chef,1999,pos
2805,Natural Born Killers,1994,pos
28054,15 Minutes,2001,pos
28055,Brothers The,null,pos
28057,Heartbreakers,2001,pos
28058,Someone Like You...,2001,neg
2806,Natural Born Killers,1994,pos
28062,Hackers,1995,pos
28066,Say It Isnt So,2001,pos
28067,On Hostile Ground,2000,pos
28068,States of Control,1998,pos
28069,Spy Kids,2001,pos
2807,Adventures of Priscilla Queen of the Desert The,1994,pos
28070,Lloyd,2001,neg
28071,Someone Like You...,2001,pos
28072,Pollock,2000,pos
28073,Along Came a Spider,2001,pos
28076,Tomcats,2001,neg
2808,Adventures of Priscilla Queen of the Desert The,1994,pos
28084,Get Over It,2001,pos
28085,Thirteen Days,2000,pos
28086,Heartbreakers,2001,pos
28087,Cecil B. DeMented,2000,pos
28088,Wo hu cang long,2000,pos
2809,Parfum dYvonne Le,1994,pos
28090,State and Main,2000,pos
28091,Snatch.,2000,pos
28093,Gift The,2000,neg
28094,Hannibal,2001,pos
28095,Himalaya - lenfance dun chef,1999,pos
28096,Wave Twisters,2001,pos
28099,Chopper,2000,pos
2810,Mask The,1994,neg
28102,Tomcats,2001,pos
28103,Goya,1999,pos
28105,Pollock,2000,pos
28106,Heartbreakers,2001,neg
28107,Tomcats,2001,pos
28108,Homeboy The,1999,neg
28109,Madadayo,1993,pos
2811,Mi vida loca,1993,pos
28111,Chocolat,2000,pos
28112,Roozi khe zan shodam,2000,pos
28113,Roozi khe zan shodam,2000,pos
28114,Someone Like You...,2001,pos
28115,Heartbreakers,2001,pos
28116,Chocolat,2000,pos
28117,Spy Kids,2001,pos
28118,All Access: Front Row. Backstage. Live!,2001,pos
28119,Charlies Angels,2000,pos
2812,Fausto,1993,pos
28120,Someone Like You...,2001,pos
28121,Tomcats,2001,pos
28127,Roozi khe zan shodam,2000,pos
28128,Veuve de Saint-Pierre La,2000,pos
28129,Blow,2001,pos
2813,Amator,1979,pos
28130,Spy Kids,2001,pos
28131,Memento,2000,pos
28132,Hit and Runway,1999,pos
28133,Memento,2000,pos
28134,Two Family House,2000,pos
28135,Blow,2001,pos
28136,Dish The,2000,pos
28137,Tailor of Panama The,2001,pos
28138,Lumumba,2000,pos
2814,Przypadek,1982,pos
28140,Dakhtaran-e Khorshid,2000,pos
28141,Glaneurs et la glaneuse Les,2000,pos
28142,Low Down The,2000,pos
28143,Tailor of Panama The,2001,pos
28144,Shadow Magic,2000,pos
28145,Kingdom Come,null,pos
28146,Dish The,2000,pos
28147,Just Visiting,2001,pos
28148,Blow,2001,pos
2815,Ombre du doute L,1993,pos
28150,Along Came a Spider,2001,neg
28155,Abschied - Brechts letzter Sommer,2000,pos
28158,Low Down The,2000,pos
28159,Tailor of Panama The,2001,pos
2816,Godfather The,1972,pos
28161,Along Came a Spider,2001,pos
28163,Kingdom Come,null,pos
28165,Singin in the Rain,1952,pos
28166,Just Visiting,2001,pos
28167,Substitute: Failure Is Not an Option The,2000,neg
28168,Margarita Happy Hour,2001,pos
28169,Blow,2001,pos
2817,Godfather: Part II The,1974,pos
28170,Just Visiting,2001,pos
28171,Josie and the Pussycats,2001,pos
28172,Tailor of Panama The,2001,pos
28174,Blow,2001,pos
28175,Along Came a Spider,2001,pos
28176,Dish The,2000,pos
28177,Josie and the Pussycats,2001,pos
28178,Low Down The,2000,neg
2818,Milk Money,1994,pos
28180,Along Came a Spider,2001,pos
28181,Along Came a Spider,2001,pos
28182,Bridget Joness Diary,2001,pos
28183,That Darn Punk,2001,pos
28184,Heartbreakers,2001,pos
28185,Someone Like You...,2001,pos
28186,Bridget Joness Diary,2001,pos
28187,Tomcats,2001,pos
28188,Spy Kids,2001,pos
2819,Milk Money,1994,pos
28190,Memento,2000,pos
28191,Memento,2000,pos
28193,Josie and the Pussycats,2001,pos
28194,Joe Dirt,2001,pos
28195,Eureka,2000,pos
28196,Veuve de Saint-Pierre La,2000,pos
28197,Roozi khe zan shodam,2000,pos
28198,Amores perros,2000,pos
2820,Fresh,1994,pos
28200,Varians War,2000,pos
28203,Joe Dirt,2001,pos
28205,Seunlau ngaklau,2000,pos
28206,Million Dollar Hotel The,2000,pos
28207,Contender The,2000,pos
28209,Bridget Joness Diary,2001,pos
2821,Fresh,1994,pos
28210,Joe Dirt,2001,neg
28213,Greenfingers,2000,pos
28214,Joe Dirt,2001,pos
28215,Josie and the Pussycats,2001,pos
28216,Hua yang nian hua,2000,pos
28218,Joe Dirt,2001,pos
28219,Amores perros,2000,pos
2822,What Happened Was...,1994,pos
28222,Spy Kids,2001,pos
28224,Aberdeen,2000,pos
28229,Bakha satang,2000,pos
2823,Reality Bites,1994,pos
2824,Fantastic Four The,null,neg
2825,Hour of the Pig The,1993,pos
28251,Shrek,2001,pos
28252,Angel Eyes,2001,pos
28253,Qiji,1989,pos
28254,Tootsie,1982,pos
28256,Pearl Harbor,2001,pos
28257,Pearl Harbor,2001,pos
28258,Shrek,2001,pos
2826,Hour of the Pig The,1993,pos
28261,Big Eden,2000,pos
28262,Memento,2000,pos
28263,Pollock,2000,pos
28264,From Dusk Till Dawn,1996,pos
28265,Natural Born Killers,1994,pos
28266,Akira,1988,pos
28267,Pearl Harbor,2001,pos
28268,Moulin Rouge!,2001,pos
28269,Keep the River on Your Right: A Modern Cannibal Tale,2000,pos
2827,Hour of the Pig The,1993,pos
28270,Hit and Runway,1999,pos
28271,Pearl Harbor,2001,pos
28272,Startup.com,2001,pos
28273,Spring Forward,1999,pos
28275,Pearl Harbor,2001,pos
28277,Keep the River on Your Right: A Modern Cannibal Tale,2000,pos
28279,Spring Forward,1999,pos
2828,Simple Twist of Fate A,1994,pos
28281,Bread and Roses,2000,pos
28282,Pearl Harbor,2001,pos
28287,Moulin Rouge!,2001,pos
28289,Wong Fei-hung,1991,pos
2829,Simple Twist of Fate A,1994,pos
28290,Center of the World The,2001,pos
28291,Tailor of Panama The,2001,pos
28292,Startup.com,2001,pos
28293,Angel Eyes,2001,pos
28294,Trumpet of the Swan The,2000,pos
28295,Dayereh,2000,pos
28296,Angel Eyes,2001,pos
28299,Timecode,2000,pos
2830,Simple Twist of Fate A,1994,pos
28300,Luzhin Defence The,2000,pos
2831,Wagons East,1994,pos
28310,Sister Mary Explains It All,2001,pos
28311,Shrek,2001,pos
28313,Angel Eyes,2001,pos
28315,Shrek,2001,pos
28318,Preston Tylk,2000,neg
28319,Pearl Harbor,2001,pos
2832,It Could Happen to You,1994,pos
28320,Crinoline Head,1995,pos
28322,Golden Bowl The,2000,pos
28323,Pearl Harbor,2001,pos
28326,King Is Alive The,2000,pos
2833,Yin shi nan nu,1994,pos
28336,Moulin Rouge!,2001,pos
2834,Lugar en el mundo Un,1992,pos
28343,Whats the Worst That Could Happen?,2001,pos
28344,Whats the Worst That Could Happen?,2001,pos
28345,Bridget Joness Diary,2001,pos
28346,Made,2001,pos
28347,Man Who Cried The,2000,pos
28348,Snow Days,1999,pos
2835,Barcelona,1994,pos
28350,West Side Story,1961,pos
28351,American in Paris An,1951,pos
28352,Pearl Harbor,2001,pos
28353,Animal The,2001,pos
28354,Wo de fu qin mu qin,1999,pos
28355,Anniversary Party The,2001,pos
28356,Atlantis: The Lost Empire,2001,pos
28357,Animal The,2001,neg
28358,Whats the Worst That Could Happen?,2001,neg
28359,Whats the Worst That Could Happen?,2001,pos
2836,Bosna!,1994,pos
28362,Where Eagles Dare,1969,pos
28363,Boy and His Dog A,1975,pos
28364,Sophies Choice,1982,pos
28365,Kumonosu jo,1957,pos
28368,Moulin Rouge!,2001,pos
28369,Swordfish,2001,pos
2837,Bez konca,1985,pos
28370,Animal The,2001,pos
28371,Animal The,2001,neg
28372,Animal The,2001,neg
28373,Whats the Worst That Could Happen?,2001,neg
28374,Moulin Rouge!,2001,pos
28375,Moulin Rouge!,2001,pos
28376,Harry un ami qui vous veut du bien,2000,pos
28377,Moulin Rouge!,2001,pos
28378,Animal The,2001,neg
28379,Animal The,2001,pos
28380,Kyua,1997,pos
28382,Moulin Rouge!,2001,pos
28383,Evolution,2001,neg
28384,Man Who Cried The,2000,pos
28385,Bride of the Wind,2001,pos
28386,Evolution,2001,pos
28389,Vengo,2000,pos
28390,O.C. & Stiggs,1985,pos
28391,Moulin Rouge!,2001,pos
28392,Faster Pussycat! Kill! Kill!,1965,pos
28393,Swordfish,2001,pos
28397,Evolution,2001,pos
28398,King Is Alive The,2000,pos
28399,King Is Alive The,2000,pos
2840,Wu kui,1994,pos
28401,V,1983,pos
28402,Evolution,2001,neg
28403,Anniversary Party The,2001,pos
28404,Atlantis: The Lost Empire,2001,pos
28405,Evolution,2001,neg
28406,Swordfish,2001,pos
28407,Atlantis: The Lost Empire,2001,pos
28408,Moulin Rouge!,2001,pos
28409,Big Trouble in Little China,1986,pos
28410,Left Luggage,1998,pos
28412,Our Song,2000,pos
2842,Nostradamus,null,pos
28426,Tortilla Soup,2001,pos
28428,Atlantis: The Lost Empire,2001,pos
28429,Swordfish,2001,neg
2843,Rapa Nui,1994,pos
28430,Dish The,2000,pos
28431,Evolution,2001,pos
28432,Krieger und die Kaiserin Der,2000,pos
28434,Atlantis: The Lost Empire,2001,pos
28435,Harry un ami qui vous veut du bien,2000,pos
28436,Fast and the Furious The,2001,neg
28438,Jump Tomorrow,2001,pos
28439,Dead Men Dont Wear Plaid,1982,pos
2844,Rapa Nui,1994,pos
28440,Devil at Your Heels The,1981,pos
28441,Gawain and the Green Knight,1973,pos
28442,Wonderwall: The Movie,1969,pos
2845,Corrina Corrina,1994,pos
28450,Baise-moi,2000,pos
28453,Lara Croft: Tomb Raider,2001,neg
2846,Corrina Corrina,1994,pos
28465,Lara Croft: Tomb Raider,2001,pos
28466,Lara Croft: Tomb Raider,2001,neg
28467,Sexy Beast,2000,pos
28468,Atlantis: The Lost Empire,2001,pos
2847,Godfather: Part III The,1990,pos
28470,Lara Croft: Tomb Raider,2001,neg
28473,Lara Croft: Tomb Raider,2001,neg
2848,Good Man in Africa A,1994,pos
28483,Raw Deal,1986,pos
28484,Songcatcher,1999,pos
28487,Atlantis: The Lost Empire,2001,pos
28488,Jackpot,2001,pos
2849,Good Man in Africa A,1994,pos
28490,Wo de fu qin mu qin,1999,pos
28491,Fast and the Furious The,2001,pos
28494,Lara Croft: Tomb Raider,2001,neg
28495,Atlantis: The Lost Empire,2001,pos
28496,Jin-Roh,1998,pos
28497,Dr. Dolittle 2,2001,pos
2850,What Happened Was...,1994,pos
28500,Generation Ax,1998,pos
28502,Baby Boy,2001,pos
28503,Lost and Delirious,2001,pos
28504,Fast and the Furious The,2001,neg
28505,Sexy Beast,2000,pos
28506,On the Town,1949,pos
28507,Dr. Dolittle 2,2001,pos
2851,Abbaleh Bo LLuna Park,1994,pos
28515,A.I. Artificial Intelligence,2001,pos
28516,Homeboy The,1999,pos
28517,A.I. Artificial Intelligence,2001,pos
2852,Yun Nan qiu shi,1994,pos
28522,W.I.S.O.R.,2001,pos
28524,Dr. Dolittle 2,2001,pos
28525,A.I. Artificial Intelligence,2001,pos
28526,Camelot,1967,pos
28527,Fast and the Furious The,2001,pos
28528,Dr. Dolittle 2,2001,pos
28529,A.I. Artificial Intelligence,2001,pos
28530,Gandhi,1982,pos
28531,Crazy/Beautiful,2001,pos
2854,Trial by Jury,1994,neg
28546,Sexy Beast,2000,pos
28548,Anniversary Party The,2001,pos
28549,Shrek,2001,pos
2855,Little Rascals The,1994,pos
28550,Baby Boy,2001,pos
28551,Baby Boy,2001,pos
28552,Sexy Beast,2000,pos
28554,Dr. Dolittle 2,2001,pos
28555,Dr. Dolittle 2,2001,pos
28556,Erleuchtung garantiert,2000,pos
28557,Wet Hot American Summer,2001,pos
28559,Baby Boy,2001,pos
2856,Color of Night,1994,neg
28560,Thomas est amoureux,2000,pos
28566,A.I. Artificial Intelligence,2001,pos
28568,Baby Boy,2001,pos
2857,Color of Night,1994,pos
28573,Baby Boy,2001,pos
28575,Deep End The,2001,pos
28577,Pandaemonium,2000,pos
28578,Anniversary Party The,2001,pos
28579,New York Beat Movie,1981,pos
2858,Quiz Show,1994,pos
28580,Kiss of the Dragon,2001,pos
28581,Cats & Dogs,2001,pos
28582,Fast and the Furious The,2001,pos
28583,Crazy/Beautiful,2001,pos
28584,A.I. Artificial Intelligence,2001,pos
28586,Die Hard 2,1990,neg
28588,A.I. Artificial Intelligence,2001,pos
28589,Crazy/Beautiful,2001,pos
2859,Quiz Show,1994,pos
28590,Crazy/Beautiful,2001,pos
28591,Sexy Beast,2000,pos
28592,Pootie Tang,2001,pos
28594,A.I. Artificial Intelligence,2001,pos
2860,Quiz Show,1994,pos
2861,Natural Born Killers,1994,pos
28610,Crazy/Beautiful,2001,pos
28611,Cats & Dogs,2001,neg
28612,Cats & Dogs,2001,pos
28613,A.I. Artificial Intelligence,2001,pos
28614,Baby Boy,2001,pos
28615,Die Hard,1988,pos
28616,Baby Boy,2001,pos
28618,Cats & Dogs,2001,pos
28619,A.I. Artificial Intelligence,2001,pos
2862,Natural Born Killers,1994,pos
28621,Bully,2001,pos
28622,Scary Movie 2,2001,pos
28625,Bully,2001,pos
28626,King Is Alive The,2000,pos
28627,Lakeboat,2000,pos
28629,Cats & Dogs,2001,pos
2863,Natural Born Killers,1994,pos
28630,Scary Movie 2,2001,neg
28631,Scary Movie 2,2001,neg
28632,Total Recall,1990,pos
28633,Evolution,2001,pos
28634,Moulin Rouge!,2001,pos
28635,Bridget Joness Diary,2001,pos
28637,Scary Movie 2,2001,pos
28638,Scary Movie 2,2001,pos
28639,Scary Movie 2,2001,neg
2864,Natural Born Killers,1994,pos
28645,2001: A Space Odyssey,1968,pos
28646,Lord Love a Duck,1966,pos
28647,Caveman,1981,pos
28648,Stupids The,1996,pos
28649,Goonies The,1985,pos
2865,Natural Born Killers,1994,pos
28651,Hedwig and the Angry Inch,2000,pos
28652,Cats & Dogs,2001,pos
28653,Anniversary Party The,2001,pos
28654,Kiss of the Dragon,2001,pos
28655,Legally Blonde,2001,pos
28656,Kiss of the Dragon,2001,neg
28657,Legally Blonde,2001,neg
28658,Legally Blonde,2001,pos
28659,Bride of the Wind,2001,pos
2866,Trzy kolory: Bialy,1994,pos
28664,O Brother Where Art Thou?,2000,pos
28665,Thirteen Days,2000,pos
28667,Snatch.,2000,pos
28668,Saving Silverman,2001,neg
28669,Knights Tale A,2001,pos
2867,Trois couleurs: Rouge,1994,pos
28670,Driven,2001,pos
28671,Town & Country,2001,neg
28672,Mummy Returns The,2001,pos
28673,Glaneurs et la glaneuse Les,2000,pos
28676,Golden Bowl The,2000,pos
28677,Startup.com,2001,pos
28678,Swordfish,2001,pos
28679,Evolution,2001,pos
2868,Trzy kolory: Bialy,1994,pos
28680,Legally Blonde,2001,pos
28681,Lara Croft: Tomb Raider,2001,neg
28682,A.I. Artificial Intelligence,2001,pos
28683,Scary Movie 2,2001,neg
28691,Wilder Napalm,1993,pos
28692,Decoy,1995,pos
28693,True Crime,1995,pos
28694,Young Americans The,1993,pos
28695,Scorned,1994,pos
28696,Jasons Lyric,1994,pos
28697,Bitter Moon,1992,pos
28698,Possessed by the Night,1994,neg
28699,Blue Sky,1994,pos
2870,Baby of Macon The,1993,pos
28700,Disappearance of Nora The,1993,pos
28701,A.P.E.X.,1994,pos
28702,In the Mouth of Madness,1995,pos
28703,TekWar: TekLords,1994,pos
28704,New Eden,1994,pos
28709,Ghost World,2001,pos
2871,Yin shi nan nu,1994,pos
28710,A.I. Artificial Intelligence,2001,pos
28711,Legally Blonde,2001,pos
28713,Kiss of the Dragon,2001,pos
28714,Scary Movie 2,2001,pos
28715,Legally Blonde,2001,pos
28716,Krieger und die Kaiserin Der,2000,pos
28717,Wo de fu qin mu qin,1999,pos
28718,Swordfish,2001,pos
28719,Golden Bowl The,2000,pos
2872,Lugar en el mundo Un,1992,pos
28720,Eureka,2000,pos
28721,Dayereh,2000,pos
28723,Trumpet of the Swan The,2000,pos
28724,Driven,2001,pos
28725,Town & Country,2001,neg
28726,Glaneurs et la glaneuse Les,2000,pos
28727,Harry un ami qui vous veut du bien,2000,pos
28728,Knights Tale A,2001,pos
28729,Shrek,2001,pos
2873,Fresh,1994,pos
28730,Freddy Got Fingered,2001,neg
28731,Rat,2000,pos
28732,Blow,2001,pos
28733,Saving Silverman,2001,neg
28734,Down to Earth,2001,neg
28735,Hannibal,2001,pos
28736,Pledge The,2001,pos
28737,Snatch.,2000,pos
2874,Blue Sky,1994,pos
28741,Krieger und die Kaiserin Der,2000,pos
28742,Legally Blonde,2001,pos
28743,Scary Movie 2,2001,pos
28745,Price of Milk The,2000,pos
28746,Hua yang nian hua,2000,pos
28747,Saving Silverman,2001,neg
28748,Spring Forward,1999,pos
28749,Hannibal,2001,pos
2875,Blue Sky,1994,pos
28750,Invisible Circus The,2001,pos
28751,Sweet November,2001,pos
28752,Bavandar,2000,pos
28754,Roozi khe zan shodam,2000,pos
28755,Mummy Returns The,2001,pos
28756,Keep the River on Your Right: A Modern Cannibal Tale,2000,pos
28757,Knights Tale A,2001,pos
28758,Chopper,2000,pos
28759,Booye kafoor atre yas,2000,pos
2876,Blue Sky,1994,pos
28760,Josie and the Pussycats,2001,pos
28763,Town & Country,2001,neg
28764,One Night at McCools,2001,pos
28765,Crow: Salvation The,2000,pos
28767,Freddy Got Fingered,2001,pos
28769,Crocodile Dundee in Los Angeles,2001,pos
2877,Blue Sky,1994,pos
28770,Forsaken The,2001,neg
28772,Mummy Returns The,2001,pos
28773,Roozi khe zan shodam,2000,pos
28774,Luzhin Defence The,2000,pos
28776,Dayereh,2000,pos
28777,Golden Bowl The,2000,pos
2878,Blue Sky,1994,pos
28780,Angel Eyes,2001,pos
28784,Final Fantasy: The Spirits Within,2001,pos
28786,Cats & Dogs,2001,pos
28788,Fast and the Furious The,2001,pos
28789,Dr. Dolittle 2,2001,pos
2879,Timecop,1994,pos
28790,Lara Croft: Tomb Raider,2001,neg
28792,Session 9,2001,pos
28793,French Connection The,1971,pos
28794,Score The,2001,pos
28795,Final Fantasy: The Spirits Within,2001,pos
2880,Timecop,1994,pos
2881,Timecop,1994,pos
28811,Legally Blonde,2001,pos
28812,Score The,2001,pos
28813,Final Fantasy: The Spirits Within,2001,pos
28814,Jurassic Park III,2001,pos
28815,Final Fantasy: The Spirits Within,2001,pos
28816,Score The,2001,pos
28817,American Rhapsody An,2001,pos
28818,Deep End The,2001,pos
28819,Apocalypse Now,1979,pos
2882,Timecop,1994,pos
28820,Score The,2001,pos
28821,Americas Sweethearts,2001,neg
28822,Final Fantasy: The Spirits Within,2001,pos
2883,Timecop,1994,pos
28832,Sous le sable,2000,pos
28833,Made,2001,pos
28834,Iedereen beroemd!,2000,pos
28835,Score The,2001,pos
28836,Final Fantasy: The Spirits Within,2001,pos
28838,Final Fantasy: The Spirits Within,2001,pos
2884,Quiz Show,1994,pos
28841,Score The,2001,pos
28842,Big Eden,2000,pos
28843,Fast and the Furious The,2001,neg
28844,Final Fantasy: The Spirits Within,2001,pos
28845,Hedwig and the Angry Inch,2000,pos
28846,Scary Movie 2,2001,pos
28848,Baby Boy,2001,pos
28849,Score The,2001,pos
2885,Quiz Show,1994,pos
28851,Pootie Tang,2001,pos
28857,Kiss of the Dragon,2001,pos
28858,Made,2001,pos
28859,Final Fantasy: The Spirits Within,2001,pos
2886,Quiz Show,1994,pos
28860,Sexy Beast,2000,pos
28864,Hedwig and the Angry Inch,2000,pos
28865,Life Apart: Hasidism in America A,1997,pos
28866,Brother,2000,neg
28868,Jurassic Park III,2001,pos
28869,Jurassic Park III,2001,pos
2887,Shawshank Redemption The,1994,pos
28870,Liam,2000,pos
28877,Jurassic Park III,2001,neg
28878,Gasu ningen daiichigo,1960,pos
2888,Shawshank Redemption The,1994,pos
28880,Stanley Kubrick: A Life in Pictures,2001,pos
28881,Bully,2001,pos
28883,Scary Movie 2,2001,pos
28884,Dr. Dolittle 2,2001,pos
2889,Shawshank Redemption The,1994,pos
28894,My Science Project,1985,neg
28895,A.I. Artificial Intelligence,2001,pos
28898,Americas Sweethearts,2001,neg
28899,Ghost World,2001,pos
2890,Shawshank Redemption The,1994,pos
28900,Rush Hour 2,2001,pos
28903,Others The,2001,pos
28904,Ghost World,2001,pos
28905,Princess Diaries The,2001,pos
28907,A.I. Artificial Intelligence,2001,pos
28908,Apocalypse Now,1979,pos
2891,Shawshank Redemption The,1994,pos
2892,Mask The,1994,pos
28925,Bridget Joness Diary,2001,pos
28926,Evolution,2001,pos
28927,Plump Fiction,1997,neg
28928,Sexy Beast,2000,pos
28929,Americas Sweethearts,2001,pos
2893,Princess Caraboo,1994,pos
28930,Americas Sweethearts,2001,pos
28931,Tillsammans,2000,pos
28932,Legally Blonde,2001,pos
2894,Princess Caraboo,1994,pos
28940,Brother,2000,pos
28941,Americas Sweethearts,2001,neg
28942,Jurassic Park III,2001,pos
28943,Americas Sweethearts,2001,pos
28945,Apocalypse Now,1979,pos
28946,Americas Sweethearts,2001,pos
28947,Mimic 2,2001,neg
28949,Baise-moi,2000,pos
2895,Princess Caraboo,1994,pos
28951,Session 9,2001,pos
28953,Ghost World,2001,pos
28954,Made,2001,pos
2896,Killing Zoe,1994,pos
28965,Planet of the Apes,2001,neg
28966,Sous le sable,2000,pos
28967,Planet of the Apes,2001,pos
2897,Wyatt Earp,1994,pos
28970,Jackpot,2001,pos
28971,Planet of the Apes,2001,pos
28972,Gremlins,1984,pos
28974,Jurassic Park III,2001,pos
28975,Score The,2001,pos
28976,Planet of the Apes,2001,pos
28977,Odishon,1999,pos
28978,Happy Accidents,2000,pos
28979,Americas Sweethearts,2001,pos
2898,Little Dorrit,1988,pos
28980,Planet of the Apes,2001,pos
28992,Session 9,2001,pos
28993,Planet of the Apes,2001,neg
28994,Brother,2000,pos
28995,Day of the Woman,1978,pos
28996,Tank Girl,1995,pos
28997,Placard Le,2000,pos
29004,Cats & Dogs,2001,pos
29005,Planet of the Apes,2001,pos
29006,Planet of the Apes,2001,pos
29007,Session 9,2001,pos
29008,Ghost World,2001,pos
29009,Planet of the Apes,2001,pos
29010,Jurassic Park,1993,pos
29011,Princess Diaries The,2001,pos
29013,Happy Accidents,2000,pos
29014,Soylent Green,1973,pos
29016,Orson Welles: The One-Man Band,1996,pos
29017,Dream for an Insomniac,1998,pos
29018,Road Trip,2000,pos
29019,Innocence,2000,pos
2902,Wagons East,1994,pos
29020,Princess Diaries The,2001,pos
29022,Rush Hour 2,2001,neg
29023,Rush Hour 2,2001,pos
29024,Brother,2000,pos
29025,Our Song,2000,pos
29026,Rush Hour 2,2001,pos
29027,Jay and Silent Bob Strike Back,2001,pos
2903,When a Man Loves a Woman,1994,pos
2904,Chasing the Deer,1994,pos
2905,Latcho Drom,1993,pos
29054,Crow: Salvation The,2000,pos
29055,Scary Movie 2,2001,pos
29056,Jin-Roh,1998,pos
2906,Pulp Fiction,1994,pos
29061,Original Sin,2001,neg
29062,Princess Diaries The,2001,pos
29063,L.I.E.,2001,pos
29064,Osmosis Jones,2001,pos
2907,New Age The,1994,pos
29070,Frequency,2000,pos
29071,Pay It Forward,2000,pos
29072,Mask of Zorro The,1998,pos
29073,Ghost Dog: The Way of the Samurai,1999,pos
29074,Original Sin,2001,neg
29075,Rush Hour 2,2001,pos
29076,Ghost World,2001,pos
29077,Princess Diaries The,2001,pos
29078,Original Sin,2001,pos
29079,Rush Hour 2,2001,pos
2908,Terminal Velocity,1994,pos
29080,Original Sin,2001,pos
29081,L.I.E.,2001,pos
29083,Original Sin,2001,neg
29084,Made,2001,neg
2909,Terminal Velocity,1994,pos
29096,Rush Hour 2,2001,pos
29097,Hedwig and the Angry Inch,2000,pos
2910,Terminal Velocity,1994,pos
2911,Terminal Velocity,1994,pos
29113,Osmosis Jones,2001,pos
29116,Triangle The,2001,pos
29117,Others The,2001,pos
29118,Osmosis Jones,2001,pos
2912,River Wild The,1994,pos
29120,American Pie 2,2001,neg
29122,Waking Up in Reno,2001,pos
29123,Curse of the Jade Scorpion The,2001,pos
29124,American Pie 2,2001,pos
29127,Osmosis Jones,2001,neg
29128,American Pie 2,2001,pos
2913,Princess Caraboo,1994,pos
29130,Osmosis Jones,2001,pos
29131,American Pie 2,2001,neg
29132,Princess Diaries The,2001,neg
2914,Quiz Show,1994,pos
29142,Anniversary Party The,2001,pos
29144,Americas Sweethearts,2001,pos
29146,Godzilla,1998,neg
29147,Halloween: The Curse of Michael Myers,1995,pos
29148,Rush Hour 2,2001,pos
29149,American Pie 2,2001,neg
2915,Quiz Show,1994,pos
29152,Princess Diaries The,2001,neg
29153,Deep End The,2001,pos
2916,What Happened Was...,1994,pos
29164,Maybe Baby,2000,pos
29165,Osmosis Jones,2001,pos
2917,Macht der Bilder: Leni Riefenstahl Die,1993,pos
2918,Natural Born Killers,1994,pos
29180,Others The,2001,pos
29181,Deep End The,2001,pos
29182,Others The,2001,pos
29187,Session 9,2001,neg
29188,Innocence,2000,pos
29189,Original Sin,2001,pos
2919,Baseball,1994,pos
2920,Timecop,1994,neg
29200,American Outlaws,2001,pos
29201,Captain Corellis Mandolin,2001,pos
29202,American Pie 2,2001,pos
29204,Jeepers Creepers,2001,pos
29205,Rat Race,2001,pos
2921,Timecop,1994,neg
29213,Jay and Silent Bob Strike Back,2001,pos
29214,Apocalypse Now,1979,pos
29216,Apocalypse Now,1979,pos
29217,Osmosis Jones,2001,pos
29218,Brewster McCloud,1970,pos
29219,Black Cauldron The,1985,pos
2922,Huozhe,1994,pos
29220,Captain Corellis Mandolin,2001,pos
29221,Curse of the Jade Scorpion The,2001,pos
29223,American Outlaws,2001,pos
29224,Rat Race,2001,pos
29225,Joy Ride,null,pos
29227,Hamlet,null,pos
29228,Jay and Silent Bob Strike Back,2001,pos
29229,Ghosts of Mars,2001,neg
2923,Making of ...And God Spoke The,1993,pos
29230,Rat Race,2001,pos
29231,Curse of the Jade Scorpion The,2001,pos
29232,O,2001,pos
29233,Greenfingers,2000,pos
29234,American Outlaws,2001,neg
2924,I Like It Like That,1994,pos
29245,Others The,2001,pos
29246,Dracula Vs. Frankenstein,1971,neg
29247,Jay and Silent Bob Strike Back,2001,pos
29248,Go Tigers!,2001,pos
2925,I Like It Like That,1994,pos
29251,Others The,2001,pos
29252,Curse of the Jade Scorpion The,2001,pos
29253,American Outlaws,2001,pos
29256,Valentine,2001,neg
2926,Ed Wood,1994,pos
29264,Pane e tulipani,2000,pos
29265,Curse of the Jade Scorpion The,2001,pos
29266,American Outlaws,2001,pos
29267,Jay and Silent Bob Strike Back,2001,pos
29268,Captain Corellis Mandolin,2001,pos
29269,Curse of the Jade Scorpion The,2001,pos
2927,Ed Wood,1994,pos
29270,Rat Race,2001,pos
29271,Jeepers Creepers,2001,neg
29272,Rat Race,2001,pos
29274,Pane e tulipani,2000,pos
29276,Rat Race,2001,pos
29279,American Outlaws,2001,pos
2928,Ed Wood,1994,pos
29280,Jay and Silent Bob Strike Back,2001,pos
29281,Ghosts of Mars,2001,neg
29282,Summer Catch,2001,neg
29284,Deep End The,2001,pos
29285,Bubble Boy,2001,pos
29287,Captain Corellis Mandolin,2001,pos
29289,Diamond Men,2000,pos
2929,Ed Wood,1994,pos
29290,Clerks,1994,pos
29291,Mallrats,1995,pos
29292,Hedwig and the Angry Inch,2000,pos
29293,Ghosts of Mars,2001,neg
2930,Ed Wood,1994,pos
29309,Air Force One,1997,pos
2931,Ed Wood,1994,pos
29310,Face/Off,1997,pos
29313,Heat,1995,pos
29316,Sa tree lex,2000,pos
29317,Ghosts of Mars,2001,neg
29319,O,2001,pos
2932,Ed Wood,1994,pos
29320,Dirty Rotten Scoundrels,1988,pos
29321,Ghosts of Mars,2001,pos
29323,Rat Race,2001,pos
29324,Pane e tulipani,2000,pos
29325,Monterey Pop,1969,pos
29327,O,2001,pos
2933,Ed Wood,1994,pos
29331,Heartbreakers,2001,pos
29332,Made,2001,pos
29334,Djomeh,2000,pos
29337,Wicker Man The,1973,pos
29339,Bubble Boy,2001,pos
2934,River Wild The,1994,pos
2935,River Wild The,1994,pos
29351,Bubble Boy,2001,pos
29353,Ghost World,2001,pos
29356,Ghosts of Mars,2001,neg
29357,Ghosts of Mars,2001,neg
29358,Deep End The,2001,pos
29359,Jay and Silent Bob Strike Back,2001,neg
2936,River Wild The,1994,pos
29360,Curse of the Jade Scorpion The,2001,pos
29361,Funny Girl,1968,pos
29364,Pane e tulipani,2000,pos
2937,Quiz Show,1994,pos
2938,Shawshank Redemption The,1994,pos
29388,Sidewalks of New York,2001,pos
29389,Ghost World,2001,pos
2939,Hoop Dreams,1994,pos
29390,Willy Wonka & the Chocolate Factory,1971,pos
29391,Sirens,1994,pos
29392,Romancing the Stone,1984,pos
29395,Musketeer The,2001,neg
29398,Jeepers Creepers,2001,pos
29399,Rock Star,2001,pos
2940,Amateur,1994,pos
29400,Odishon,1999,pos
29401,Rock Star,2001,pos
29402,Born Romantic,2000,pos
29403,Musketeer The,2001,neg
29404,Jay and Silent Bob Strike Back,2001,pos
2941,Only You,1994,pos
29411,Musketeer The,2001,neg
29413,Ghost World,2001,pos
29414,Jay and Silent Bob Strike Back,2001,pos
29415,Jeepers Creepers,2001,pos
29416,Soul Survivors,2001,neg
29417,Musketeer The,2001,neg
29418,Soul Survivors,2001,pos
29419,Two Can Play That Game,2001,pos
2942,Only You,1994,pos
29421,Rock Star,2001,pos
29422,Vengo,2000,pos
29423,Musketeer The,2001,neg
2943,Yin shi nan nu,1994,pos
29430,Trembling Before G-d,2001,pos
29433,Liam,2000,pos
29434,Hearts in Atlantis,2001,pos
29435,Jeepers Creepers,2001,pos
29436,American Rhapsody An,2001,pos
29438,Hardball,2001,pos
29439,Rock Star,2001,pos
2944,Trois couleurs: Rouge,1994,pos
29443,Lumumba,2000,pos
29444,Ghosts of Mars,2001,neg
29445,Dinner Rush,2000,pos
29446,Bully,2001,neg
2945,River Wild The,1994,pos
2946,River Wild The,1994,pos
29460,Two Can Play That Game,2001,pos
29461,Killing Yard The,2001,pos
29463,L.I.E.,2001,pos
29464,Glass House The,null,pos
29465,Two Can Play That Game,2001,neg
29466,American Rhapsody An,2001,pos
29467,Hardball,2001,pos
2947,River Wild The,1994,pos
29471,Bully,2001,pos
29472,Children Underground,2000,pos
29475,Waking Up in Reno,2001,pos
29476,Hearts in Atlantis,2001,pos
2948,Specialist The,1994,neg
29485,Haiku Tunnel,2001,pos
29486,61*,2001,pos
29487,Waydowntown,2000,pos
29488,Hardball,2001,pos
29489,Glass House The,null,pos
2949,Specialist The,1994,pos
29490,Musketeer The,2001,neg
29491,Rat Race,2001,pos
29493,Endurance: Shackletons Legendary Antarctic Expedition,2000,pos
29494,Novocaine,2001,pos
29495,Hardball,2001,pos
29496,Hardball,2001,pos
29497,Gangster No. 1,2000,pos
29498,Maltese Falcon The,1941,pos
29499,Planet of the Apes,1968,pos
2950,Specialist The,1994,neg
29504,Happy Accidents,2000,pos
29506,American Rhapsody An,2001,pos
29507,Endurance: Shackletons Legendary Antarctic Expedition,2000,pos
29508,Glass House The,null,pos
2951,Only You,1994,pos
29511,Glitter,2001,pos
29512,Nice Girls Dont Explode,1987,pos
29513,A.I. Artificial Intelligence,2001,pos
29514,Fast Company,1979,pos
29515,Killer Shrews The,1959,pos
2952,Only You,1994,pos
29528,Diamond Men,2000,pos
2953,Natural Born Killers,1994,pos
29530,Dont Say a Word,2001,pos
29531,Hearts in Atlantis,2001,pos
29536,Hearts in Atlantis,2001,pos
29537,Espinazo del Diablo El,2001,pos
29539,Glitter,2001,neg
2954,Natural Born Killers,1994,pos
29541,Deep End The,2001,pos
29542,Jeepers Creepers,2001,pos
29543,Glitter,2001,pos
29544,Mulholland Drive,2001,pos
29545,Man Who Wasnt There The,2001,pos
29546,Haiku Tunnel,2001,pos
29549,Glitter,2001,neg
2955,Ed Wood,1994,pos
29551,Tape,2001,pos
29552,Nell,1994,pos
29553,Immortal Beloved,1994,pos
29554,Dolores Claiborne,1995,pos
29555,Crimson Tide,1995,pos
29556,Congo,1995,pos
29557,Soft Deceit,1994,pos
29558,Lunarcop,1994,pos
29559,Ruby Cairo,1993,pos
2956,Ed Wood,1994,pos
29560,Rapa Nui,1994,pos
29561,Blood of the Innocent,1994,pos
29562,Four Weddings and a Funeral,1994,pos
29563,Brain Smasher... A Love Story,1993,pos
29564,Romper Stomper,1992,pos
29565,Breakaway,1996,neg
29566,Flat De,1996,pos
29567,High Crusade The,1994,pos
2957,Jasons Lyric,1994,pos
29572,Hearts in Atlantis,2001,pos
29573,Hearts in Atlantis,2001,pos
29574,Curse of the Jade Scorpion The,2001,pos
29578,Osmosis Jones,2001,pos
29579,Hearts in Atlantis,2001,pos
2958,Terminal Velocity,1994,pos
29580,Greenfingers,2000,pos
29586,Akai hashi no shita no nurui mizu,2001,pos
29587,Lantana,2001,pos
29588,Monty Python and the Holy Grail,1975,pos
29589,Storytelling,2001,pos
2959,Terminal Velocity,1994,pos
29591,Virgen de los sicarios La,2000,pos
29592,Siunin Wong Fei-hung tsi titmalau,1993,pos
29599,Serendipity,2001,pos
2960,Quiz Show,1994,pos
29600,Serendipity,2001,pos
29601,Chaverim Shel Yana Ha-,1999,pos
29605,Tremors 3: Back to Perfection,2001,pos
29607,Mulholland Drive,2001,pos
29609,Zoolander,2001,pos
2961,Pulp Fiction,1994,pos
29613,Tortilla Soup,2001,pos
29614,Grateful Dawg,2000,pos
29617,Operator The,2000,pos
2962,Scorta La,1993,pos
29620,Ni neibian jidian,2001,pos
29621,Dont Say a Word,2001,neg
29622,Zoolander,2001,pos
29623,Hearts in Atlantis,2001,pos
29624,Zoolander,2001,pos
29625,Jalla! Jalla!,2000,neg
29626,Kissing Jessica Stein,2001,pos
29627,Monsoon Wedding,2001,pos
29628,Serendipity,2001,pos
29629,Art of Woo The,2001,neg
2963,Exit to Eden,1994,neg
29630,Dont Say a Word,2001,pos
29631,Megiddo: The Omega Code 2,2001,pos
29633,Dont Say a Word,2001,neg
29634,Vampire Hunter D: Bloodlust,2000,pos
29635,Zoolander,2001,pos
29636,Serendipity,2001,pos
29639,Dont Say a Word,2001,neg
2964,Specialist The,1994,neg
29640,Zoolander,2001,pos
29641,Dont Say a Word,2001,neg
29644,Virgen de los sicarios La,2000,pos
29645,Serendipity,2001,pos
29646,Saison des hommes La,2000,pos
29647,Zoolander,2001,pos
29648,Untamed Heart,1993,pos
29649,Mask The,1994,pos
2965,Shawshank Redemption The,1994,pos
29650,Galaxis,1995,pos
29651,Absolution,1981,pos
29652,Bitter Vengeance,1994,pos
29653,Threesome,1994,pos
29654,Above Suspicion,1995,pos
29655,Grand pardon II Le,1992,pos
29656,Basketball Diaries The,1995,pos
29659,Joy Ride,null,pos
2966,Oleanna,1994,pos
29660,Mulholland Drive,2001,pos
2967,Pulp Fiction,1994,pos
29670,Raiders of the Lost Ark,1981,pos
29671,Indiana Jones and the Temple of Doom,1984,pos
29672,Indiana Jones and the Last Crusade,1989,pos
29673,Training Day,2001,pos
29674,Big Eden,2000,pos
29677,Innocence,2000,pos
29678,Jay and Silent Bob Strike Back,2001,pos
2968,Pulp Fiction,1994,pos
29682,Vampire in Brooklyn,1995,pos
29683,Innocence,2000,pos
29684,Max Keebles Big Move,2001,pos
29685,Rat Race,2001,pos
29688,Ghost World,2001,pos
29689,Blow,2001,pos
2969,Pulp Fiction,1994,pos
29690,Royal Tenenbaums The,2001,pos
29692,Night of the Hunter The,1955,pos
29699,Siunin Wong Fei-hung tsi titmalau,1993,pos
2970,Pulp Fiction,1994,pos
29700,My First Mister,2001,pos
29706,Zoolander,2001,pos
29707,Lantana,2001,pos
29709,Better Than Sex,2000,pos
2971,Specialist The,1994,pos
29710,Still Smokin,1983,neg
29711,Goodfellas,1990,pos
29713,Joy Ride,null,pos
29714,Bandits,2001,pos
29715,Joy Ride,null,pos
29716,Life as a House,2001,pos
29717,Serendipity,2001,pos
29718,Training Day,2001,pos
2972,Don Quixote,1992,pos
29720,Sobibor 14 octobre 1943 16 heures,2001,pos
29722,Life and Debt,2001,pos
29723,Training Day,2001,pos
29724,Max Keebles Big Move,2001,pos
29725,Training Day,2001,pos
29726,Joy Ride,null,pos
29727,Bandits,2001,pos
29728,Serendipity,2001,pos
29729,Training Day,2001,pos
2973,Browning Version The,1994,pos
29732,Tillsammans,2000,pos
29733,Serendipity,2001,pos
29734,Ginger Snaps,2000,pos
29735,Training Day,2001,pos
29737,Training Day,2001,pos
29738,Bandits,2001,neg
29739,Enigma,2001,pos
2974,De eso no se habla,1993,pos
29740,To End All Wars,2001,pos
29741,Taking Sides,2001,pos
29742,Focus,null,pos
29746,Ying huang boon sik,1986,pos
29747,Out for Justice,1991,pos
29748,Siunin Wong Fei-hung tsi titmalau,1993,pos
29749,Focus,null,pos
2975,Exit to Eden,1994,pos
29750,Bandits,2001,pos
29751,Man Who Wasnt There The,2001,pos
2976,Imaginary Crimes,1994,pos
29760,Va savoir,2000,pos
29761,Bandits,2001,pos
29762,Blazing Saddles,1974,pos
29763,Serendipity,2001,pos
2977,Wes Cravens New Nightmare,1994,pos
29774,My First Mister,2001,pos
29776,Siunin Wong Fei-hung tsi titmalau,1993,pos
2978,Love Affair,1994,pos
29784,Liam,2000,pos
29785,Batman Forever,1995,pos
29787,Things Behind the Sun,2001,pos
29789,Corky Romano,2001,neg
2979,King Kong,1933,pos
29790,Novocaine,2001,pos
29791,Joy Ride,null,pos
29792,Manhunter,1986,pos
29793,Hannibal,2001,pos
29794,Silence of the Lambs The,1991,pos
29796,Wo de fu qin mu qin,1999,pos
29797,Bandits,2001,pos
29798,Mulholland Drive,2001,pos
2980,Nattevagten,1994,pos
29800,Stanza del figlio La,2001,pos
29802,Bandits,2001,pos
29805,Mr In-Between,2001,pos
29806,Silent Partner,2001,pos
29807,Nueve reinas,2000,pos
29808,Mulholland Drive,2001,neg
29809,Heist,null,pos
29815,Corky Romano,2001,neg
29818,Tape,2001,pos
29819,My First Mister,2001,pos
29820,Famous,2000,pos
29824,Siunin Wong Fei-hung tsi titmalau,1993,pos
29826,Siunin Wong Fei-hung tsi titmalau,1993,pos
29827,Man Who Wasnt There The,2001,pos
29828,Mulholland Drive,2001,neg
29829,Diamond Men,2000,pos
2983,Star Trek: Generations,1994,pos
29834,Bandits,2001,neg
29837,Braveheart,1995,pos
29838,Johnny Mnemonic,1995,neg
29839,Die Hard: With a Vengeance,1995,pos
2984,Radioland Murders,1994,pos
29840,Net The,1995,pos
29845,Big One The,1997,pos
29846,Happiness,1998,pos
29847,Hollywood Shuffle,1987,pos
29848,Tillsammans,2000,pos
29849,Mulholland Drive,2001,pos
2985,Radioland Murders,1994,pos
29850,Diamond Men,2000,pos
29851,Robin Hood: Prince of Thieves,1991,pos
29856,e-Dreams,2001,pos
29857,From Hell,2001,pos
29858,From Hell,2001,pos
29859,Goodfellas,1990,pos
29860,Big One The,1997,pos
29861,Vidimo se,1995,pos
29862,Species,1995,pos
29864,Last Castle The,2001,pos
29865,In the Bedroom,2001,pos
29866,Outsiders The,1983,pos
29867,From Hell,2001,pos
2987,Pulp Fiction,1994,pos
2988,Pulp Fiction,1994,pos
2989,Pulp Fiction,1994,pos
2990,Wes Cravens New Nightmare,1994,pos
2991,Puppet Masters The,1994,pos
2992,Puppet Masters The,1994,pos
2993,Puppet Masters The,1994,pos
2994,Puppet Masters The,1994,pos
2995,Puppet Masters The,1994,pos
2996,Oleanna,1994,pos
2997,Cronos,1993,pos
2998,Hoop Dreams,1994,pos
2999,Enfer L,1994,pos
3001,Utomlyonnye solntsem,1994,pos
3002,Radioland Murders,1994,neg
3003,Radioland Murders,1994,pos
3004,Radioland Murders,1994,pos
3005,Radioland Murders,1994,pos
3006,Radioland Murders,1994,pos
3007,Radioland Murders,1994,pos
3008,Frankenstein,1994,pos
3009,Clerks,1994,pos
3010,Clerks,1994,pos
3011,Clerks,1994,pos
3012,Puppet Masters The,1994,pos
3013,Hoop Dreams,1994,pos
3014,Fun,1994,pos
3015,Only You,1994,pos
3016,What Happened Was...,1994,pos
3017,Octobre,1994,pos
3018,Love Affair,1994,pos
3019,Love Affair,1994,pos
3020,Pulp Fiction,1994,pos
3021,Pulp Fiction,1994,pos
3022,Pulp Fiction,1994,pos
3023,Stargate,1994,pos
3024,Stargate,1994,pos
3025,NeverEnding Story III The,1994,pos
3026,Road to Wellville The,1994,pos
3027,Road to Wellville The,1994,pos
3028,Road to Wellville The,1994,pos
3029,Drop Squad,1994,pos
3030,Apocalypse Now,1979,pos
3031,Silent Fall,1994,neg
3032,Silent Fall,1994,pos
3033,Faust,1994,pos
3034,Bullets Over Broadway,1994,pos
3035,Bullets Over Broadway,1994,pos
3036,Clerks,1994,pos
3037,Imaginary Crimes,1994,pos
3038,Browning Version The,1994,pos
3040,Stargate,1994,pos
3041,Stargate,1994,pos
3043,Stargate,1994,pos
3045,Road to Wellville The,1994,pos
3046,Bullets Over Broadway,1994,pos
3047,Clerks,1994,pos
3048,I Like It Like That,1994,pos
3049,War The,1994,pos
3050,War The,1994,pos
3051,I Like It Like That,1994,pos
3052,Frankenstein,1994,pos
3053,Frankenstein,1994,pos
3054,Frankenstein,1994,pos
3055,Frankenstein,1994,pos
3056,Frankenstein,1994,pos
3057,Frankenstein,1994,pos
3058,Frankenstein,1994,pos
3059,Last Seduction The,1994,pos
3060,Heavenly Creatures,1994,pos
3061,Puppet Masters The,1994,neg
3062,Stargate,1994,neg
3063,Stargate,1994,pos
3064,Clerks,1994,pos
3065,War The,1994,pos
3066,Earth 2,1994,neg
3067,Miracle on 34th Street,1994,pos
3068,Miracle on 34th Street,1994,pos
3069,Bullets Over Broadway,1994,pos
3070,Oleanna,1994,pos
3071,Oleanna,1994,pos
3072,Century,1993,pos
3073,Last Seduction The,1994,pos
3074,Interview with the Vampire: The Vampire Chronicles,1994,pos
3075,Interview with the Vampire: The Vampire Chronicles,1994,pos
3076,Interview with the Vampire: The Vampire Chronicles,1994,pos
3077,Interview with the Vampire: The Vampire Chronicles,1994,pos
3078,Sara,1993,pos
3079,Santa Clause The,1994,pos
3080,Last Seduction The,1994,pos
3081,Don Quixote,1992,pos
3082,Interview with the Vampire: The Vampire Chronicles,1994,pos
3083,Interview with the Vampire: The Vampire Chronicles,1994,pos
3088,Star Trek: Generations,1994,pos
3089,Star Trek: Generations,1994,pos
3090,Star Trek: Generations,1994,pos
3091,Star Trek: Generations,1994,neg
3092,Star Trek: Generations,1994,pos
3093,Diaboliques Les,1955,pos
3094,Santa Clause The,1994,pos
3095,Miracle on 34th Street,1994,pos
3096,Last Seduction The,1994,pos
3097,Trois couleurs: Rouge,1994,pos
3098,Swan Princess The,1994,pos
3099,Heavenly Creatures,1994,pos
3101,Junior,1994,pos
3102,Junior,1994,neg
3103,Junior,1994,pos
3104,Junior,1994,neg
3105,Star Trek: Generations,1994,pos
3107,Low Down Dirty Shame A,1994,pos
3108,Stargate,1994,pos
3109,Mrs. Parker and the Vicious Circle,1994,pos
3110,Pagemaster The,1994,pos
3111,De eso no se habla,1993,pos
3112,River Wild The,1994,pos
3113,Trois couleurs: Rouge,1994,pos
3114,Hoop Dreams,1994,pos
3115,Forrest Gump,1994,pos
3116,Frankenstein,1994,pos
3117,Last Seduction The,1994,pos
3118,Last Seduction The,1994,pos
3119,Heavenly Creatures,1994,pos
3120,Heavenly Creatures,1994,pos
3121,Federal Hill,1995,pos
3122,Federal Hill,1995,pos
3124,Mrs. Parker and the Vicious Circle,1994,pos
3125,Junior,1994,pos
3126,What Happened Was...,1994,pos
3127,Abbaleh Bo LLuna Park,1994,pos
3128,Frankenstein,1994,pos
3129,Disclosure,1994,pos
3130,Trapped in Paradise,1994,neg
3133,Vanya on 42nd Street,1994,pos
3134,Trois couleurs: Rouge,1994,pos
3135,Cobb,1994,pos
3136,Nostradamus,null,pos
3137,Colorado Cowboy: The Bruce Ford Story,1994,pos
3138,Widows Peak,1994,pos
3139,Vanya on 42nd Street,1994,pos
3140,Mrs. Parker and the Vicious Circle,1994,pos
3141,Mrs. Parker and the Vicious Circle,1994,pos
3142,Disclosure,1994,pos
3143,Disclosure,1994,pos
3144,Disclosure,1994,pos
3145,Street Fighter,1994,pos
3146,Heavenly Creatures,1994,pos
3147,Passione damore,1981,pos
3148,Drop Zone,1994,neg
3149,Last Seduction The,1994,pos
3150,Frankenstein,1994,pos
3151,Nell,1994,pos
3152,Nell,1994,pos
3153,Nell,1994,pos
3154,Drop Zone,1994,neg
3155,Dr. Strangelove or: How I Learned to Stop Worrying and Love the Bomb,1964,pos
3156,Reine Margot La,1994,pos
3157,Speechless,1994,pos
3158,Speechless,1994,pos
3159,Disclosure,1994,neg
3160,Mrs. Parker and the Vicious Circle,1994,pos
3161,Dumb & Dumber,1994,neg
3162,Huozhe,1994,pos
3163,Jungle Book The,1994,pos
3164,Jungle Book The,1994,pos
3165,Little Women,1994,pos
3166,I.Q.,1994,pos
3167,Little Women,1994,pos
3168,Little Women,1994,pos
3169,Mixed Nuts,1994,pos
3170,Mixed Nuts,1994,pos
3171,Vanya on 42nd Street,1994,pos
3172,I.Q.,1994,pos
3173,Riget,1994,pos
3174,Jungle Book The,1994,pos
3175,Lost World The,1992,pos
3177,Huozhe,1994,pos
3178,Exotica,1994,pos
3179,Street Fighter,1994,pos
3180,Immortal Beloved,1994,pos
3181,Mrs. Parker and the Vicious Circle,1994,pos
3182,I.Q.,1994,pos
3183,Nell,1994,pos
3184,Pulp Fiction,1994,pos
3185,Death and the Maiden,1994,pos
3186,Safe Passage,1994,pos
3188,Nell,1994,pos
3189,Nell,1994,pos
3190,Nell,1994,pos
3191,Death and the Maiden,1994,pos
3192,Little Women,1994,pos
3193,Speechless,1994,neg
3195,I.Q.,1994,pos
3196,Last Seduction The,1994,pos
3197,Colonel Chabert Le,1994,pos
3198,Mrs. Parker and the Vicious Circle,1994,pos
3199,Trois couleurs: Rouge,1994,pos
3202,Immortal Beloved,1994,pos
3203,Immortal Beloved,1994,pos
3204,Immortal Beloved,1994,pos
3205,Dumb & Dumber,1994,neg
3206,Dumb & Dumber,1994,neg
3207,Madness of King George The,1994,pos
3208,Safe Passage,1994,pos
3209,Safe Passage,1994,pos
3210,Floundering,1994,pos
3211,Madness of King George The,1994,pos
3212,Immortal Beloved,1994,pos
3213,Immortal Beloved,1994,pos
3214,Houseguest,1995,neg
3215,Cobb,1994,pos
3216,Cobb,1994,pos
3217,Higher Learning,1995,pos
3218,Higher Learning,1995,pos
3219,Higher Learning,1995,pos
3221,Legends of the Fall,1994,pos
3222,Legends of the Fall,1994,pos
3223,Legends of the Fall,1994,pos
3224,Nobodys Fool,1994,pos
3225,Nobodys Fool,1994,pos
3227,Little Buddha,1993,pos
3228,Getting Even with Dad,1994,pos
3229,Natural Born Killers,1994,pos
3230,War The,1994,pos
3231,Safe Passage,1994,pos
3232,Death and the Maiden,1994,pos
3233,Heavenly Creatures,1994,pos
3234,Higher Learning,1995,pos
3235,Legends of the Fall,1994,pos
3236,Legends of the Fall,1994,pos
3237,Demon Knight,1995,pos
3239,Gojira VS Kingugidora,1991,pos
3240,Before Sunrise,1995,pos
3241,Before Sunrise,1995,pos
3242,Murder in the First,1995,pos
3243,Murder in the First,1995,pos
3244,Murder in the First,1995,pos
3245,Bad Company,null,pos
3246,Bad Company,null,pos
3247,Bad Company,null,pos
3248,Star Trek: Voyager,1995,pos
3249,Reine Margot La,1994,pos
3250,Fresa y chocolate,1993,pos
3251,Nobodys Fool,1994,pos
3252,Death and the Maiden,1994,pos
3253,Death and the Maiden,1994,pos
3254,Bad Company,null,pos
3256,Murder in the First,1995,pos
3257,Murder in the First,1995,pos
3258,Murder in the First,1995,pos
3261,Reine Margot La,1994,pos
3262,Before Sunrise,1995,pos
3263,Before Sunrise,1995,pos
3264,Higher Learning,1995,pos
3265,Ladybird Ladybird,1994,pos
3266,Last Seduction The,1994,pos
3267,Madness of King George The,1994,pos
3268,Vanya on 42nd Street,1994,pos
3269,Boys Life,1995,pos
3270,Miami Rhapsody,1995,pos
3271,Miami Rhapsody,1995,pos
3272,Miami Rhapsody,1995,pos
3273,Federal Hill,1995,pos
3274,Hoop Dreams,1994,pos
3275,Boys on the Side,1995,pos
3276,Boys on the Side,1995,pos
3277,Heavenly Creatures,1994,pos
3278,Highlander III: The Sorcerer,1994,pos
3279,Highlander III: The Sorcerer,1994,pos
3280,In the Mouth of Madness,1995,pos
3281,In the Mouth of Madness,1995,pos
3282,In the Mouth of Madness,1995,pos
3283,Before Sunrise,1995,pos
3284,Pred dozhdot,1994,pos
3285,Jerky Boys The,1995,neg
3286,Shallow Grave,1994,pos
3287,Miami Rhapsody,1995,pos
3288,Jin zhi yu ye,1980,pos
3289,China Moon,1994,pos
3290,Quick and the Dead The,1995,pos
3291,Quick and the Dead The,1995,pos
3292,Quick and the Dead The,1995,pos
3293,Roommates,1995,pos
3294,Fresa y chocolate,1993,pos
3295,Murder in the First,1995,pos
3296,Joy Luck Club The,1993,pos
3297,Man of No Importance A,1994,pos
3299,Martha & Ethel,1994,pos
3301,Brady Bunch Movie The,1995,pos
3302,Brady Bunch Movie The,1995,pos
3303,Brady Bunch Movie The,1995,pos
3304,Just Cause,1995,pos
3305,Just Cause,1995,neg
3306,Just Cause,1995,pos
3308,Far From Home: The Adventures of Yellow Dog,1995,pos
3309,Colonel Chabert Le,1994,pos
3310,Okno v Parizh,1994,pos
3311,Ladybird Ladybird,1994,pos
3312,Quick and the Dead The,1995,pos
3313,Mr. Payback: An Interactive Movie,1995,pos
3314,Ermo,1994,pos
3315,Trois couleurs: Rouge,1994,pos
3316,Quick and the Dead The,1995,pos
3317,Once Were Warriors,1994,pos
3318,Shallow Grave,1994,pos
3319,Shallow Grave,1994,pos
3320,Shallow Grave,1994,pos
3321,Brady Bunch Movie The,1995,pos
3322,Huozhe,1994,pos
3323,Tom & Viv,1994,pos
3324,Before Sunrise,1995,pos
3325,Bandit Queen,1994,pos
3326,Exotica,1994,pos
3327,In the Mouth of Madness,1995,pos
3328,Shvitz The,1993,pos
3329,Hunted The,1995,pos
3330,Hunted The,1995,pos
3331,Brady Bunch Movie The,1995,pos
3332,Hideaway,1995,neg
3333,No Contest,1994,neg
3334,Last Good Time The,1994,pos
3335,Once Were Warriors,1994,pos
3336,Walking Dead The,1995,pos
3337,Mangler The,1995,pos
3338,Hideaway,1995,pos
3339,Roommates,1995,pos
3340,Wild Bunch The,1969,pos
3341,Nina Takes a Lover,1994,pos
3342,Bye Bye Love,1995,pos
3343,Just Cause,1995,neg
3344,Secret of Roan Inish The,1994,pos
3345,Todos los hombres sois iguales,1994,pos
3346,Outbreak,1995,pos
3347,Outbreak,1995,pos
3348,Outbreak,1995,pos
3349,Hideaway,1995,pos
3351,Only the Brave,1994,pos
3352,Roseaux sauvages Les,1994,pos
3353,Secret of Roan Inish The,1994,pos
3354,Exotica,1994,pos
3355,Hideaway,1995,neg
3356,Cobb,1994,pos
3358,Circle of Friends,1995,pos
3359,Lan feng zheng,1993,pos
3360,Once Were Warriors,1994,pos
3361,Muriels Wedding,1994,pos
3362,Muriels Wedding,1994,pos
3363,Losing Isaiah,1995,pos
3364,Losing Isaiah,1995,pos
3365,Crumb,1994,pos
3366,Gojira VS Mosura,1992,pos
3367,Bye Bye Love,1995,neg
3368,Okno v Parizh,1994,pos
3369,Pred dozhdot,1994,pos
3370,Circle of Friends,1995,pos
3371,Outbreak,1995,pos
3372,Dolores Claiborne,1995,pos
3373,Dolores Claiborne,1995,pos
3374,Exotica,1994,pos
3375,Secret of Roan Inish The,1994,pos
3376,Muriels Wedding,1994,pos
3377,Losing Isaiah,1995,pos
3378,Sliders,1995,pos
3379,Killer,1994,pos
3380,Diaboliques Les,1955,pos
3381,Outbreak,1995,pos
3382,Shallow Grave,1994,pos
3383,Roommates,1995,pos
3384,Dolores Claiborne,1995,pos
3385,Dolores Claiborne,1995,pos
3386,Dolores Claiborne,1995,pos
3387,Muriels Wedding,1994,pos
3388,Camilla,1994,pos
3390,Colonel Chabert Le,1994,pos
3391,Funny Bones,1995,pos
3392,Man of No Importance A,1994,pos
3393,Priest,1994,pos
3394,Fresa y chocolate,1993,pos
3396,Dolores Claiborne,1995,pos
3397,Dolores Claiborne,1995,pos
3401,Exotica,1994,pos
3402,Exotica,1994,pos
3404,Circle of Friends,1995,pos
3405,Circle of Friends,1995,pos
3406,Ladybird Ladybird,1994,pos
3407,Goofy Movie A,1995,pos
3408,Stuart Saves His Family,1995,pos
3409,Once Were Warriors,1994,pos
3410,Once Were Warriors,1994,pos
3411,Losing Isaiah,1995,pos
3412,Miami Rhapsody,1995,pos
3413,Nina Takes a Lover,1994,pos
3414,Tommy Boy,1995,neg
3415,Tommy Boy,1995,pos
3416,Muriels Wedding,1994,pos
3417,Muriels Wedding,1994,pos
3418,Tank Girl,1995,neg
3419,Crumb,1994,pos
3420,Richie Rich,1994,pos
3421,Fresa y chocolate,1993,pos
3422,Reine Margot La,1994,pos
3423,Brady Bunch Movie The,1995,pos
3424,Far From Home: The Adventures of Yellow Dog,1995,pos
3425,Before Sunrise,1995,pos
3426,Madness of King George The,1994,pos
3427,5000 Fingers of Dr. T. The,1953,pos
3428,Immortal Beloved,1994,pos
3429,Death and the Maiden,1994,pos
3430,Legends of the Fall,1994,pos
3431,Mina Tannenbaum,1994,pos
3432,Tank Girl,1995,pos
3433,Minbo no onna,1992,pos
3434,Wild Bunch The,1969,pos
3436,Circle of Friends,1995,pos
3437,Tank Girl,1995,neg
3438,Tank Girl,1995,pos
3439,Tank Girl,1995,neg
3440,Tank Girl,1995,pos
3441,Don Juan DeMarco,1995,pos
3442,Don Juan DeMarco,1995,pos
3443,Don Juan DeMarco,1995,pos
3444,Dolores Claiborne,1995,pos
3445,Dolores Claiborne,1995,pos
3446,Rob Roy,1995,pos
3447,Rob Roy,1995,pos
3448,Rob Roy,1995,pos
3449,Rob Roy,1995,neg
3450,Secret of Roan Inish The,1994,pos
3451,Jefferson in Paris,1995,pos
3452,Jefferson in Paris,1995,pos
3453,Nell,1994,pos
3454,Bad Boys,1995,pos
3455,Bad Boys,1995,neg
3456,Wild Bunch The,1969,pos
3457,Clean Shaven,1995,pos
3458,Priest,1994,pos
3459,Jury Duty,1995,pos
3460,Sum of Us The,1994,pos
3461,Tommy Boy,1995,pos
3462,Cure The,1995,pos
3463,Priest,1994,pos
3464,Priest,1994,pos
3465,Priest,1994,pos
3466,Tank Girl,1995,pos
3467,Browning Version The,1994,pos
3468,Heavenly Creatures,1994,pos
3469,Awfully Big Adventure An,1995,pos
3470,Goofy Movie A,1995,pos
3471,Killer,1994,pos
3472,Bad Boys,1995,neg
3473,While You Were Sleeping,1995,pos
3474,Trois couleurs: Rouge,1994,pos
3475,Speechless,1994,pos
3476,Disclosure,1994,pos
3477,Interview with the Vampire: The Vampire Chronicles,1994,pos
3478,Miracle on 34th Street,1994,pos
3479,Vanya on 42nd Street,1994,pos
3480,Rob Roy,1995,pos
3481,Rob Roy,1995,pos
3482,Don Juan DeMarco,1995,pos
3483,Don Juan DeMarco,1995,pos
3484,Junior,1994,neg
3485,Last Seduction The,1994,pos
3486,Quiz Show,1994,pos
3487,Clerks,1994,pos
3488,Bullets Over Broadway,1994,pos
3489,While You Were Sleeping,1995,pos
3490,While You Were Sleeping,1995,pos
3491,While You Were Sleeping,1995,pos
3492,Hoop Dreams,1994,pos
3493,Stuart Saves His Family,1995,pos
3494,Dolores Claiborne,1995,pos
3495,Goofy Movie A,1995,pos
3496,Love Affair,1994,pos
3497,Farinelli: il castrato,1994,pos
3498,Basketball Diaries The,1995,pos
3499,Kiss of Death,1995,pos
3501,Erotique,1994,pos
3502,Pulp Fiction,1994,pos
3503,Kiss of Death,1995,pos
3504,Princess Caraboo,1994,pos
3505,Second Best,1994,pos
3506,Yin shi nan nu,1994,pos
3507,Ed Wood,1994,pos
3508,Wes Cravens New Nightmare,1994,neg
3509,Jefferson in Paris,1995,pos
3510,Only You,1994,pos
3511,While You Were Sleeping,1995,neg
3513,Basketball Diaries The,1995,neg
3514,Basketball Diaries The,1995,pos
3515,Basketball Diaries The,1995,neg
3516,Basketball Diaries The,1995,pos
3517,Cure The,1995,pos
3518,Cure The,1995,pos
3519,Rob Roy,1995,pos
3520,Englishman Who Went Up a Hill But Came Down a Mountain The,1995,pos
3521,New Jersey Drive,1995,pos
3522,Utomlyonnye solntsem,1994,pos
3523,Picture Bride,1995,pos
3524,While You Were Sleeping,1995,pos
3525,Somebody to Love,1994,pos
3526,Faster Pussycat! Kill! Kill!,1965,neg
3527,Farinelli: il castrato,1994,pos
3528,Zire darakhatan zeyton,1994,pos
3529,Triumph des Willens,1934,pos
3532,Andre,1994,pos
3533,Frosh: Nine Months in a Freshman Dorm,1994,pos
3534,Trial by Jury,1994,pos
3535,Black Beauty,1994,pos
3536,Spanking the Monkey,1994,pos
3537,Simple Twist of Fate A,1994,pos
3538,Kiss of Death,1995,pos
3540,Don Juan DeMarco,1995,pos
3541,Exotica,1994,pos
3542,While You Were Sleeping,1995,pos
3543,Circle of Friends,1995,pos
3544,Clear and Present Danger,1994,pos
3545,Milk Money,1994,pos
3547,While You Were Sleeping,1995,pos
3548,Shadow The,1994,pos
3549,Wyatt Earp,1994,pos
3550,Como agua para chocolate,1992,pos
3551,Trzy kolory: Bialy,1994,pos
3553,Speed,1994,pos
3554,Blown Away,1994,pos
3555,Wolf,1994,pos
3556,City Slickers II: The Legend of Curlys Gold,1994,pos
3557,Little Buddha,1993,pos
3558,Lion King The,1994,pos
3559,True Lies,1994,pos
3560,Basketball Diaries The,1995,pos
3561,Beverly Hills Cop III,1994,pos
3562,Macht der Bilder: Leni Riefenstahl Die,1993,pos
3563,Widows Peak,1994,pos
3564,Thirty Two Short Films About Glenn Gould,1993,pos
3565,Client The,1994,pos
3566,It Could Happen to You,1994,pos
3567,Barcelona,1994,pos
3568,Lassie,1994,pos
3569,Forrest Gump,1994,pos
3570,No Escape,1994,neg
3571,When a Man Loves a Woman,1994,pos
3572,Naked in New York,1994,neg
3573,Maverick,1994,pos
3574,Mrs. Doubtfire,1993,pos
3575,Babyfever,1994,pos
3576,Mothers Boys,1993,pos
3577,Serial Mom,1994,pos
3578,Lunes de fiel,1992,pos
3579,Color of Night,1994,neg
3580,Priest,1994,pos
3581,Village of the Damned,1995,pos
3582,Village of the Damned,1995,pos
3583,French Kiss,1995,pos
3584,Underneath,1995,pos
3586,Bar Girls,1994,pos
3587,Destiny Turns on the Radio,1995,pos
3589,While You Were Sleeping,1995,pos
3590,Pyromaniacs Love Story A,1995,neg
3591,Pyromaniacs Love Story A,1995,pos
3592,Destiny Turns on the Radio,1995,pos
3593,Destiny Turns on the Radio,1995,pos
3594,Village of the Damned,1995,pos
3595,Village of the Damned,1995,pos
3596,French Kiss,1995,pos
3597,Englishman Who Went Up a Hill But Came Down a Mountain The,1995,pos
3598,My Family,1995,pos
3601,Bandit Queen,1994,pos
3602,Farinelli: il castrato,1994,pos
3603,Picture Bride,1995,pos
3604,Panther,1995,pos
3605,French Kiss,1995,pos
3606,My Family,1995,pos
3607,My Family,1995,pos
3608,Crimson Tide,1995,pos
3609,French Kiss,1995,pos
3610,Little Odessa,1994,pos
3611,Youchai,1995,pos
3612,Search and Destroy,1995,pos
3613,Gesom e kako shipta,1993,pos
3614,Rob Roy,1995,pos
3615,Village of the Damned,1995,pos
3618,Forget Paris,1995,pos
3619,Jai pas sommeil,1994,pos
3620,Picture Bride,1995,pos
3621,Forget Paris,1995,pos
3622,Crimson Tide,1995,pos
3623,French Kiss,1995,pos
3624,Wrony,1994,pos
3625,Utomlyonnye solntsem,1994,pos
3626,Crimson Tide,1995,pos
3627,Crimson Tide,1995,pos
3628,Englishman Who Went Up a Hill But Came Down a Mountain The,1995,pos
3629,Perez Family The,1995,pos
3630,Fallout,1995,pos
3631,Search and Destroy,1995,pos
3632,Incredibly True Adventure of Two Girls in Love The,1995,pos
3633,Double Happiness,1994,pos
3634,Teen Dreams,1994,pos
3635,Biodagar,1994,pos
3636,Crimson Tide,1995,pos
3637,Englishman Who Went Up a Hill But Came Down a Mountain The,1995,pos
3638,Die Hard: With a Vengeance,1995,neg
3639,Die Hard: With a Vengeance,1995,pos
3640,Little Princess A,1995,pos
3641,Little Princess A,1995,pos
3642,Die Hard: With a Vengeance,1995,pos
3643,My Family,1995,pos
3644,Smoke,1995,pos
3645,Bandit Queen,1994,pos
3646,Cri du coeur Le,1994,pos
3647,Forget Paris,1995,pos
3648,Postino Il,1994,pos
3649,Amnesia,1994,pos
3650,Amateur,1994,neg
3651,Crimson Tide,1995,pos
3652,Die Hard: With a Vengeance,1995,pos
3653,Die Hard: With a Vengeance,1995,pos
3654,Die Hard: With a Vengeance,1995,pos
3655,Die Hard: With a Vengeance,1995,neg
3656,Die Hard: With a Vengeance,1995,pos
3657,Casper,1995,pos
3658,Casper,1995,pos
3659,Casper,1995,neg
3660,Swimming with Sharks,1994,pos
3661,Legends of the Fall,1994,pos
3662,Legends of the Fall,1994,pos
3663,Perez Family The,1995,pos
3664,Braveheart,1995,pos
3665,Braveheart,1995,pos
3666,Braveheart,1995,pos
3667,Ermo,1994,pos
3668,Die Hard: With a Vengeance,1995,pos
3669,Bulto El,1991,pos
3670,Tonari no Totoro,1988,pos
3671,Bridges of Madison County The,1995,pos
3672,Bridges of Madison County The,1995,pos
3673,Johnny Mnemonic,1995,neg
3674,Johnny Mnemonic,1995,pos
3675,Johnny Mnemonic,1995,neg
3676,Johnny Mnemonic,1995,pos
3677,Johnny Mnemonic,1995,pos
3678,Johnny Mnemonic,1995,neg
3679,Johnny Mnemonic,1995,neg
3680,Johnny Mnemonic,1995,pos
3681,Virus,1995,pos
3682,Braveheart,1995,pos
3683,Braveheart,1995,pos
3684,Mad Love,1995,pos
3685,Forget Paris,1995,pos
3686,Postino Il,1994,pos
3687,Bridges of Madison County The,1995,pos
3688,Bridges of Madison County The,1995,pos
3689,Basketball Diaries The,1995,pos
3690,Casper,1995,pos
3691,Amateur,1994,pos
3692,Crumb,1994,pos
3693,Englishman Who Went Up a Hill But Came Down a Mountain The,1995,pos
3694,Nankyoku monogatari,1983,pos
3695,Glass Shield The,1994,pos
3696,Sex Drugs & Democracy,1994,pos
3697,Amor propio,1994,pos
3698,Jupiters Wife,1995,pos
3699,Todos somos estrellas,1993,pos
3701,Rhythm Thief,1994,pos
3703,Travolta et moi,1993,pos
3704,U.S. Go Home,1994,pos
3705,Utomlyonnye solntsem,1994,pos
3706,Johnny Mnemonic,1995,pos
3707,Mad Love,1995,pos
3708,Dekalog 1,1988,pos
3709,Paperhouse,1988,pos
3710,Congo,1995,pos
3711,Congo,1995,pos
3712,Congo,1995,pos
3713,Congo,1995,neg
3714,Mad Love,1995,pos
3715,Quick and the Dead The,1995,pos
3716,Faster Pussycat! Kill! Kill!,1965,pos
3718,French Kiss,1995,neg
3719,Crumb,1994,pos
3721,Johnny Mnemonic,1995,pos
3722,Little Princess A,1995,pos
3723,Little Princess A,1995,pos
3724,Congo,1995,neg
3725,Congo,1995,neg
3726,Twenty Bucks,1993,pos
3727,Maniaci sentimentali,1994,pos
3728,Short Cuts,1993,pos
3729,Casper,1995,pos
3730,Natural Born Killers,1994,pos
3731,Batman Forever,1995,neg
3732,Batman Forever,1995,pos
3733,Batman Forever,1995,neg
3734,Batman Forever,1995,pos
3735,Batman Forever,1995,pos
3736,Batman Forever,1995,neg
3737,Batman Forever,1995,pos
3738,Batman Forever,1995,pos
3739,Batman Forever,1995,pos
3740,Batman Forever,1995,neg
3741,Batman Forever,1995,pos
3742,Batman Forever,1995,pos
3743,Die Hard: With a Vengeance,1995,pos
3744,Chandramukhi,1993,pos
3745,Bridges of Madison County The,1995,pos
3746,Bridges of Madison County The,1995,pos
3747,Congo,1995,neg
3748,Miracle Mile,1989,pos
3749,Pocahontas,1995,pos
3750,Utomlyonnye solntsem,1994,pos
3751,Killer,1994,pos
3752,Great Day in Harlem A,1994,pos
3753,Batman Forever,1995,pos
3754,Batman Forever,1995,pos
3755,Batman Forever,1995,pos
3756,Amateur,1994,pos
3757,Amateur,1994,pos
3758,Apollo 13,1995,pos
3759,Interview with the Vampire: The Vampire Chronicles,1994,pos
3760,Sum of Us The,1994,pos
3761,Forget Paris,1995,pos
3762,Casper,1995,pos
3763,Bis ans Ende der Welt,1991,pos
3764,Glass Shield The,1994,pos
3765,Batman Forever,1995,pos
3767,Postino Il,1994,pos
3768,Pocahontas,1995,pos
3769,Pocahontas,1995,pos
3770,Batman Forever,1995,pos
3771,Die Hard: With a Vengeance,1995,pos
3772,Trois couleurs: Bleu,1993,pos
3773,Trzy kolory: Bialy,1994,pos
3775,Little Odessa,1994,pos
3776,First Knight,1995,pos
3777,First Knight,1995,pos
3778,Batman Forever,1995,pos
3779,Tremors,1990,pos
3780,Party Girl,null,pos
3781,Priest,1994,pos
3782,Braveheart,1995,pos
3783,Wigstock: The Movie,1995,pos
3784,You Seng,1993,pos
3785,Judge Dredd,1995,pos
3786,Martha et moi,1990,pos
3787,Apollo 13,1995,pos
3788,Apollo 13,1995,pos
3789,Apollo 13,1995,pos
3790,Apollo 13,1995,pos
3791,Apollo 13,1995,pos
3792,Pocahontas,1995,pos
3793,Pocahontas,1995,pos
3794,Pocahontas,1995,pos
3795,Judge Dredd,1995,pos
3796,Judge Dredd,1995,neg
3797,Mighty Morphin Power Rangers: The Movie,1995,pos
3798,Batman Forever,1995,neg
3801,Apollo 13,1995,pos
3802,Apollo 13,1995,pos
3803,Apollo 13,1995,pos
3806,Congo,1995,pos
3807,Judge Dredd,1995,pos
3808,Judge Dredd,1995,neg
3809,Utomlyonnye solntsem,1994,pos
3810,Species,1995,pos
3811,Species,1995,pos
3812,Species,1995,neg
3813,Species,1995,pos
3814,First Knight,1995,neg
3815,First Knight,1995,pos
3816,Safe,1995,pos
3817,Near Dark,1987,pos
3818,Smoke,1995,pos
3819,Nine Months,1995,pos
3820,Nine Months,1995,pos
3821,Tank Girl,1995,pos
3822,Crude Oasis The,1995,pos
3823,Judge Dredd,1995,pos
3824,Apollo 13,1995,pos
3825,Batman Forever,1995,neg
3826,Species,1995,neg
3827,Jerky Boys The,1995,neg
3828,GoodFellas,1990,pos
3829,Clueless,1995,neg
3830,Belle de jour,1967,pos
3831,Belle de jour,1967,pos
3832,Species,1995,pos
3833,Species,1995,pos
3834,Fun,1994,pos
3835,Indian in the Cupboard The,1995,pos
3836,Nine Months,1995,pos
3837,Sister My Sister,1994,pos
3838,Under Siege 2: Dark Territory,1995,neg
3839,Crimson Tide,1995,pos
3841,Crumb,1994,pos
3842,Mighty Morphin Power Rangers: The Movie,1995,pos
3843,Braveheart,1995,pos
3844,Thin Ice,1995,pos
3845,Clueless,1995,neg
3847,Under Siege 2: Dark Territory,1995,pos
3848,Congo,1995,neg
3849,Judge Dredd,1995,pos
3850,Apollo 13,1995,pos
3851,Indian in the Cupboard The,1995,pos
3852,Indian in the Cupboard The,1995,pos
3853,Indian in the Cupboard The,1995,pos
3854,Apollo 13,1995,pos
3855,Belle de jour,1967,pos
3856,Crumb,1994,pos
3857,Smoke,1995,pos
3858,Kids,1995,pos
3859,Nine Months,1995,pos
3860,Nine Months,1995,pos
3861,Clueless,1995,pos
3862,Love & Human Remains,1993,pos
3863,Free Willy 2: The Adventure Home,1995,pos
3864,Faust,1994,pos
3865,Bandit Queen,1994,pos
3866,Big Bus The,1976,pos
3867,Clueless,1995,neg
3868,Careful,1992,pos
3869,Net The,1995,neg
3870,Clueless,1995,pos
3871,Clueless,1995,pos
3872,Waterworld,1995,neg
3873,Baby of Macon The,1993,pos
3874,Clueless,1995,pos
3875,Tales from the Hood,1995,pos
3876,Boys on the Side,1995,pos
3877,Maverick,1994,pos
3878,Waterworld,1995,neg
3879,Waterworld,1995,pos
3880,Waterworld,1995,pos
3881,Net The,1995,pos
3882,Net The,1995,pos
3883,Net The,1995,pos
3884,Batman Forever,1995,neg
3885,Pocahontas,1995,pos
3886,Grosse fatigue,1994,pos
3887,Species,1995,pos
3888,Nine Months,1995,pos
3889,Belle de jour,1967,pos
3890,Natural Born Killers,1994,pos
3891,Neco z Alenky,1988,pos
3892,Killer,1994,pos
3893,Little Odessa,1994,pos
3894,Clean Shaven,1995,pos
3895,Something to Talk About,1995,pos
3896,Hotel Sorrento,1995,pos
3897,Kids,1995,pos
3898,Jeffrey,1995,pos
3899,Operation Dumbo Drop,1995,pos
3901,Waterworld,1995,pos
3902,Waterworld,1995,neg
3903,Waterworld,1995,neg
3904,Waterworld,1995,neg
3905,Waterworld,1995,pos
3906,Virtuosity,1995,pos
3907,Something to Talk About,1995,pos
3908,Net The,1995,pos
3909,Smoke,1995,pos
3910,Smoke,1995,pos
3913,Batman Forever,1995,neg
3914,Babe,1995,pos
3915,Babe,1995,pos
3916,Babe,1995,pos
3917,Country Life,1994,pos
3918,Living in Oblivion,1995,pos
3919,Virtuosity,1995,pos
3920,Party Girl,null,pos
3921,Net The,1995,neg
3922,Net The,1995,pos
3923,Net The,1995,neg
3924,Under Siege 2: Dark Territory,1995,pos
3925,Virtuosity,1995,pos
3926,Bushwhacked,null,pos
3927,Hunt for Red October The,1990,pos
3928,Spartacus,1960,pos
3929,Apollo 13,1995,pos
3930,Bridges of Madison County The,1995,pos
3931,Walk in the Clouds A,1995,pos
3932,Virtuosity,1995,pos
3933,Country Life,1994,pos
3934,Walk in the Clouds A,1995,pos
3935,Clueless,1995,pos
3936,Nine Months,1995,neg
3937,Dangerous Minds,1995,pos
3938,Lie Down with Dogs,1995,neg
3939,Hideaway,1995,pos
3940,Dangerous Minds,1995,pos
3941,Walk in the Clouds A,1995,pos
3942,Kids,1995,pos
3943,Beyond Rangoon,1995,pos
3944,Net The,1995,pos
3945,Mortal Kombat,1995,neg
3946,Mortal Kombat,1995,pos
3947,Mortal Kombat,1995,neg
3948,Mortal Kombat,1995,pos
3949,Walk in the Clouds A,1995,pos
3950,Unzipped,1995,pos
3951,Usual Suspects The,1995,pos
3952,Baby-Sitters Club The,1995,pos
3953,Jeffrey,1995,pos
3954,Unzipped,1995,pos
3955,Usual Suspects The,1995,pos
3956,Brothers McMullen The,1995,pos
3957,Virtuosity,1995,neg
3958,Mortal Kombat,1995,neg
3959,Walk in the Clouds A,1995,pos
3960,Mortal Kombat,1995,neg
3961,Fun,1994,pos
3962,To Wong Foo Thanks for Everything Julie Newmar,1995,neg
3964,Something to Talk About,1995,pos
3965,Kids,1995,pos
3966,Dangerous Minds,1995,pos
3967,Desperado,1995,pos
3968,Beyond Rangoon,1995,pos
3969,Amazing Panda Adventure The,1995,pos
3970,Desperado,1995,pos
3971,Beyond Rangoon,1995,pos
3972,Belle de jour,1967,pos
3973,Brothers McMullen The,1995,pos
3974,Desperado,1995,pos
3975,Desperado,1995,pos
3976,Postino Il,1994,pos
3977,Apollo 13,1995,pos
3978,Arabian Knight,1995,pos
3979,Kids,1995,pos
3981,Brothers McMullen The,1995,pos
3982,Desperado,1995,neg
3983,Beyond Rangoon,1995,pos
3984,Usual Suspects The,1995,pos
3985,Usual Suspects The,1995,pos
3987,Desperado,1995,pos
3988,Magic in the Water,1995,pos
3989,Innocent The,1994,pos
3990,Prophecy The,1995,pos
3991,Mortal Kombat,1995,neg
3992,Judge Dredd,1995,pos
3993,Lord of Illusions,1995,pos
3994,Living in Oblivion,1995,pos
3995,Judge Dredd,1995,neg
3996,Dr. Jekyll and Ms. Hyde,1995,neg
3998,Judge Dredd,1995,pos
3999,Waterworld,1995,neg
4004,Clockers,1995,pos
4006,Drunks,1997,neg
4007,Innocent The,1994,neg
4008,Salaam Cinema,1995,pos
4009,Unzipped,1995,pos
4010,Tie That Binds The,1995,pos
4011,Last of the Dogmen,1995,pos
4012,To Wong Foo Thanks for Everything Julie Newmar,1995,neg
4013,Clockers,1995,pos
4014,Die Hard: With a Vengeance,1995,pos
4015,Waterworld,1995,neg
4016,Ed Wood,1994,pos
4017,Bombay,1995,pos
4018,Carrington,1995,pos
4020,Walk in the Clouds A,1995,pos
4021,Angus,1995,pos
4022,Angus,1995,pos
4023,Clockers,1995,pos
4024,Clockers,1995,pos
4025,Hackers,1995,neg
4028,Kids,1995,pos
4029,Safe,1995,pos
4030,Usual Suspects The,1995,neg
4031,Usual Suspects The,1995,pos
4032,Waterworld,1995,pos
4033,Sha ren zhe tang zhan,1993,pos
4034,Mute Witness,1994,pos
4035,Last of the Dogmen,1995,pos
4036,Lie Down with Dogs,1995,pos
4037,Beyond Rangoon,1995,pos
4038,Brothers McMullen The,1995,pos
4039,Usual Suspects The,1995,pos
4040,Showgirls,1995,pos
4041,Showgirls,1995,pos
4042,Showgirls,1995,neg
4043,Se7en,1995,pos
4044,Se7en,1995,pos
4045,Unstrung Heroes,1995,pos
4046,Unstrung Heroes,1995,pos
4047,Unstrung Heroes,1995,pos
4048,Angus,1995,pos
4049,Mute Witness,1994,pos
4050,Magic in the Water,1995,neg
4051,Safe,1995,pos
4052,Land and Freedom,1995,pos
4053,Rude,1995,pos
4054,Prophecy The,1995,pos
4055,Usual Suspects The,1995,pos
4056,Devil in a Blue Dress,1995,pos
4057,Hackers,1995,neg
4059,Michelle Apts. The,1995,pos
4062,Apollo 13,1995,pos
4063,Lotto Land,1996,pos
4064,Steal Big Steal Little,1995,pos
4065,Unstrung Heroes,1995,pos
4066,Schindlers List,1993,pos
4067,Showgirls,1995,neg
4068,Things to Do in Denver When Youre Dead,1995,pos
4069,Muzyka dlya dekabrya,1995,pos
4070,Se7en,1995,pos
4071,Year of Living Dangerously The,1982,pos
4072,Sap saam taai bo,1973,pos
4073,Halloween: The Curse of Michael Myers,1995,pos
4074,Month by the Lake A,1995,pos
4075,Month by the Lake A,1995,pos
4076,Brothers McMullen The,1995,pos
4077,Sister My Sister,1994,pos
4078,Last Action Hero,1993,pos
4079,Double Happiness,1994,pos
4080,Clockers,1995,pos
4081,Bullets Over Broadway,1994,pos
4082,Legend,1985,pos
4083,Blue in the Face,1995,pos
4084,Moonlight and Valentino,1995,pos
4085,Run of the Country The,1995,pos
4086,Amazing Panda Adventure The,1995,pos
4087,Devil in a Blue Dress,1995,pos
4088,Devil in a Blue Dress,1995,pos
4089,How to Make an American Quilt,1995,pos
4090,How to Make an American Quilt,1995,neg
4091,How to Make an American Quilt,1995,pos
4092,Se7en,1995,pos
4093,Se7en,1995,pos
4094,Showgirls,1995,pos
4095,To Die for,1995,pos
4096,To Die for,1995,pos
4097,Strange Days,1995,pos
4098,Assassins,1995,pos
4099,Piano The,1993,pos
4101,Big Green The,1995,neg
4103,Fancis Persuasion,1995,pos
4104,When Night Is Falling,1995,pos
4105,Age of Innocence The,1993,pos
4106,Strange Days,1995,pos
4107,Angels in the Outfield,1994,pos
4108,Species,1995,pos
4109,To Die for,1995,pos
4110,To Die for,1995,pos
4111,To Die for,1995,pos
4112,To Die for,1995,pos
4113,Dead Presidents,1995,pos
4114,Run of the Country The,1995,pos
4115,Kicking and Screaming,1995,pos
4116,Bad Girls,1994,pos
4119,Awfully Big Adventure An,1995,pos
4120,Assassins,1995,pos
4121,Heaven & Earth,1993,pos
4122,How to Make an American Quilt,1995,pos
4124,To Die for,1995,pos
4125,Mallrats,1995,pos
4126,Being Human,1993,pos
4127,Strange Days,1995,pos
4128,Get Shorty,1995,pos
4129,Strange Days,1995,pos
4132,Living in Oblivion,1995,pos
4133,Jade,1995,pos
4134,Jade,1995,pos
4135,Jade,1995,pos
4136,Se7en,1995,pos
4137,Ultimo tango a Parigi,1972,pos
4138,Before Sunrise,1995,pos
4139,To Die for,1995,pos
4140,Blue in the Face,1995,pos
4141,Lamerica,1994,pos
4142,Versprechen Das,1994,pos
4143,Scarlet Letter The,1995,pos
4144,Krasnaya palatka,1971,pos
4145,Flirt,null,pos
4146,Fearless,1993,pos
4147,Showgirls,1995,neg
4148,Now and Then,1995,pos
4149,Three Wishes,1995,pos
4150,Total Eclipse,1995,neg
4151,Blue in the Face,1995,pos
4152,Jade,1995,neg
4153,Feast of July,1995,pos
4154,Unstrung Heroes,1995,pos
4155,Persuasion,null,pos
4156,Devil in a Blue Dress,1995,pos
4157,Net The,1995,pos
4158,Copycat,1995,pos
4159,Copycat,1995,pos
4160,Never Talk to Strangers,1995,neg
4161,Never Talk to Strangers,1995,pos
4162,Now and Then,1995,pos
4163,Devotion,1995,pos
4164,Assassins,1995,neg
4165,Nadja,1994,pos
4166,Copycat,1995,pos
4167,Vieille qui marchait dans la mer La,1991,pos
4168,Get Shorty,1995,pos
4169,Blue in the Face,1995,pos
4170,Journey of August King The,1995,pos
4172,In weiter Ferne so nah!,1993,pos
4173,Powder,1995,pos
4174,Feast of July,1995,pos
4175,Feast of July,1995,pos
4176,Strange Days,1995,pos
4177,Strange Days,1995,pos
4178,To Die for,1995,pos
4179,How to Make an American Quilt,1995,pos
4180,Se7en,1995,pos
4182,Dead Presidents,1995,pos
4183,Month by the Lake A,1995,pos
4184,Scarlet Letter The,1995,pos
4185,Powder,1995,pos
4186,Powder,1995,pos
4187,Powder,1995,pos
4188,Powder,1995,pos
4189,Powder,1995,pos
4191,Get Shorty,1995,pos
4192,Mallrats,1995,pos
4193,Vampire in Brooklyn,1995,pos
4194,Mighty Aphrodite,1995,pos
4195,Mighty Aphrodite,1995,pos
4196,Apollo 13,1995,pos
4197,Nadja,1994,pos
4198,Meet the Feebles,1989,pos
4199,Reckless,null,pos
4201,Blue in the Face,1995,pos
4202,Leaving Las Vegas,1995,pos
4203,Addiction The,1995,pos
4204,Doom Generation The,1995,pos
4205,Now and Then,1995,pos
4206,Three Wishes,1995,pos
4207,Spoorloos,1988,pos
4208,Vanishing The,1993,pos
4209,Hitcher The,1986,pos
4210,Copycat,1995,pos
4212,Copycat,1995,pos
4213,Copycat,1995,pos
4214,Copycat,1995,pos
4215,Mighty Aphrodite,1995,pos
4216,Mulholland Falls,1996,neg
4218,Gold Diggers: The Secret of Bear Mountain,1995,pos
4219,Mallrats,1995,neg
4220,Feast of July,1995,pos
4221,Love & Human Remains,1993,pos
4222,Powder,1995,pos
4223,Home for the Holidays,1995,pos
4224,Home for the Holidays,1995,pos
4225,Home for the Holidays,1995,pos
4226,Home for the Holidays,1995,pos
4227,Copycat,1995,pos
4228,White Mans Burden,1995,pos
4229,Reckless,null,pos
4230,Get Shorty,1995,pos
4231,Langoliers The,1995,pos
4232,Airheads,1994,pos
4233,Persuasion,null,pos
4234,Persuasion,null,pos
4235,Bronx Tale A,1993,pos
4237,Kicking and Screaming,1995,pos
4238,Total Eclipse,1995,pos
4239,Blue Sky,1994,pos
4240,Under the Volcano,1984,pos
4241,Theremin: An Electronic Odyssey,1993,pos
4242,Robot Monster,1953,pos
4243,Molly Maguires The,1970,pos
4244,Fair Game,1995,pos
4245,Copycat,1995,pos
4246,Mystery Train,1989,pos
4247,American President The,1995,pos
4248,Moonlight and Valentino,1995,pos
4249,Brothers McMullen The,1995,pos
4250,Mallrats,1995,neg
4251,Devil in a Blue Dress,1995,pos
4252,Never Talk to Strangers,1995,pos
4253,Smoke,1995,pos
4254,Incredibly True Adventure of Two Girls in Love The,1995,pos
4255,Secret of Roan Inish The,1994,pos
4256,American President The,1995,pos
4257,American President The,1995,pos
4258,Cry the Beloved Country,1995,pos
4259,Doom Generation The,1995,neg
4260,En compagnie dAntonin Artaud,1994,pos
4261,Carrington,1995,pos
4262,Carrington,1995,pos
4263,Ace Ventura: When Nature Calls,1995,neg
4264,Ace Ventura: When Nature Calls,1995,neg
4265,Gold Diggers: The Secret of Bear Mountain,1995,pos
4266,Copycat,1995,neg
4267,Two Bits,1995,pos
4268,Great Moments in Aviation,1993,pos
4269,Butch and Sundance: The Early Days,1979,pos
4270,Kicking and Screaming,1995,pos
4271,Watch the K Foundation Burn a Million Quid,1995,pos
4272,Basic Instinct,1992,pos
4273,Mighty Aphrodite,1995,pos
4275,Delta of Venus,1995,pos
4277,Crossing Guard The,1995,pos
4278,American President The,1995,pos
4279,Leaving Las Vegas,1995,pos
4280,Public Access,1993,neg
4281,Two Bits,1995,pos
4282,Money Train,1995,pos
4283,Scenes from a Mall,1991,pos
4284,Casino,1995,pos
4285,Augustin,1995,pos
4286,Asfour Stah,1990,pos
4287,Home for the Holidays,1995,pos
4288,GoldenEye,1995,pos
4289,GoldenEye,1995,pos
4290,GoldenEye,1995,pos
4291,GoldenEye,1995,pos
4292,GoldenEye,1995,pos
4293,GoldenEye,1995,pos
4294,Savage Innocents The,1959,pos
4295,Ram Shastra,1995,neg
4296,Frankie Starlight,1995,pos
4297,Ace Ventura: When Nature Calls,1995,neg
4299,Traps,null,pos
4301,Nick of Time,1995,pos
4302,Nick of Time,1995,neg
4303,06,1994,pos
4304,Limits of Thermal Travelling The,1995,pos
4305,Siempre Xonxa,1989,pos
4306,American President The,1995,pos
4307,American President The,1995,pos
4308,Streetcar Named Desire A,1995,pos
4310,Como agua para chocolate,1992,pos
4311,Slacker,1991,pos
4312,Month by the Lake A,1995,pos
4313,Casino,1995,pos
4314,Casino,1995,pos
4315,Casino,1995,pos
4316,Casino,1995,pos
4317,Casino,1995,pos
4318,Comfortably Numb,1995,pos
4319,Toy Story,1995,pos
4320,Toy Story,1995,pos
4322,Toy Story,1995,pos
4323,Nick of Time,1995,pos
4324,Nick of Time,1995,neg
4325,GoldenEye,1995,neg
4326,GoldenEye,1995,pos
4327,GoldenEye,1995,pos
4329,Get Shorty,1995,pos
4330,White Mans Burden,1995,pos
4331,Mad Dog and Glory,1993,pos
4332,Blood & Donuts,1995,pos
4333,Copycat,1995,pos
4334,Under the Bridge,1996,pos
4335,Leaving Las Vegas,1995,pos
4336,Toy Story,1995,pos
4337,Money Train,1995,neg
4338,Toy Story,1995,pos
4339,Toy Story,1995,pos
4340,Circle of Friends,1995,pos
4341,Mighty Aphrodite,1995,pos
4342,When Night Is Falling,1995,pos
4343,Caravaggio,1986,pos
4344,Age of Innocence The,1993,pos
4345,Victor/Victoria,1982,pos
4346,American President The,1995,pos
4347,GoldenEye,1995,pos
4348,Babysitter The,1995,neg
4349,Shawshank Redemption The,1994,pos
4350,Dolores Claiborne,1995,pos
4351,Crimson Tide,1995,pos
4352,Stuart Saves His Family,1995,pos
4353,While You Were Sleeping,1995,neg
4354,Backbeat,1993,pos
4355,Airheads,1994,pos
4356,Leningrad Cowboys Go America,1989,pos
4357,Toy Story,1995,pos
4358,Spy Who Loved Me The,1977,pos
4359,Cry the Beloved Country,1995,pos
4360,Amateur,1994,pos
4361,Leap of Faith,1992,pos
4362,Mitt liv som hund,1985,pos
4363,Pulp Fiction,1994,pos
4364,Carrington,1995,pos
4365,Money Train,1995,neg
4366,Money Train,1995,pos
4367,Ace Ventura: When Nature Calls,1995,neg
4368,Crossing Guard The,1995,pos
4369,Crossing Guard The,1995,pos
4370,GoldenEye,1995,pos
4371,Sense and Sensibility,1995,pos
4372,White Mans Burden,1995,pos
4373,Batman Forever,1995,pos
4374,Batman Forever,1995,pos
4375,Scrooge,1970,pos
4376,Time After Time,1979,pos
4377,Carrington,1995,pos
4379,Leaving Las Vegas,1995,pos
4380,Trouble in Mind,1985,pos
4381,Romeo Is Bleeding,1993,pos
4382,Dangerous Game,1993,pos
4383,Man with a Plan,1995,pos
4384,Wild Bill,1995,pos
4385,Jason Goes to Hell: The Final Friday,1993,neg
4386,Casino,1995,pos
4387,Gumby: The Movie,1995,pos
4388,Sazaye Maut,1981,pos
4389,Roommates,1995,pos
4390,Heat,1995,pos
4391,Vukovar poste restante,1994,pos
4392,Jumanji,1995,pos
4393,American President The,1995,pos
4395,Othello,1995,pos
4396,Father of the Bride Part II,1995,pos
4397,Father of the Bride Part II,1995,pos
4398,Sabrina,1995,pos
4399,Sabrina,1995,pos
4401,Yao a yao yao dao waipo qiao,1995,pos
4402,Blue in the Face,1995,pos
4403,Nick of Time,1995,pos
4404,Slacker,1991,pos
4405,Qiu Ju da guan si,1992,pos
4406,Cronos,1993,pos
4407,Walk in the Clouds A,1995,pos
4408,Bandit Queen,1994,pos
4409,Jumanji,1995,pos
4410,Jumanji,1995,pos
4411,Jumanji,1995,pos
4412,Heat,1995,pos
4413,Heat,1995,pos
4414,Heat,1995,neg
4415,Trois couleurs: Rouge,1994,pos
4416,Sense and Sensibility,1995,pos
4417,Sense and Sensibility,1995,pos
4418,Persuasion,null,pos
4419,Mr. Hollands Opus,1995,pos
4421,Neel Kamal,1947,pos
4422,Mute Witness,1994,pos
4423,Kicking and Screaming,1995,pos
4424,Dracula: Dead and Loving It,1995,neg
4425,Olivier Olivier,1992,pos
4426,This Boys Life,1993,pos
4427,Reflecting Skin The,1990,pos
4428,Reckless,null,pos
4430,Jumanji,1995,pos
4431,Sense and Sensibility,1995,pos
4432,Sense and Sensibility,1995,pos
4434,Heat,1995,pos
4435,Richard III,1995,pos
4436,Dracula: Dead and Loving It,1995,pos
4437,Wild Bill,1995,pos
4438,Dead Man Walking,1995,pos
4439,Last Summer in the Hamptons,1995,pos
4440,Traps,null,pos
4441,Stalingrad,1993,pos
4442,Father of the Bride Part II,1995,pos
4443,Crossing Guard The,1995,pos
4445,Love Affair,1939,pos
4446,Lavender Hill Mob The,1951,pos
4448,Eye for an Eye,1996,pos
4450,Nixon,1995,pos
4451,Nixon,1995,pos
4452,Cutthroat Island,1995,pos
4453,Cutthroat Island,1995,pos
4454,Cutthroat Island,1995,pos
4455,Sabrina,1995,pos
4456,Dracula: Dead and Loving It,1995,neg
4457,Dracula: Dead and Loving It,1995,pos
4458,Cry the Beloved Country,1995,pos
4459,Waiting to Exhale,1995,pos
4460,Waiting to Exhale,1995,pos
4461,Heat,1995,pos
4462,Akele Hum Akele Tum,1995,pos
4463,Schindlers List,1993,pos
4464,Balto,1995,pos
4465,Grumpier Old Men,1995,pos
4466,Yao a yao yao dao waipo qiao,1995,pos
4467,Yao a yao yao dao waipo qiao,1995,pos
4468,Sudden Death,1995,neg
4469,Sudden Death,1995,neg
4470,Heat,1995,pos
4471,Copycat,1995,pos
4472,Perfect World A,1993,pos
4473,In the Name of the Father,1993,pos
4474,Geronimo: An American Legend,1993,pos
4475,Age of Innocence The,1993,pos
4476,Deception,null,pos
4477,Jetsons: The Movie,1990,pos
4478,Philadelphia,1993,pos
4479,Remains of the Day The,1993,pos
4480,Blink,1994,pos
4481,Shadowlands,1993,pos
4483,Ill Do Anything,1994,pos
4484,Blue Chips,1994,pos
4485,Paper The,1994,pos
4486,Short Cuts,1993,pos
4487,Threesome,1994,pos
4488,Four Weddings and a Funeral,1994,pos
4489,Sirens,1994,pos
4490,China Moon,1994,pos
4491,Ref The,1994,neg
4492,Six Degrees of Separation,1993,pos
4493,Whats Eating Gilbert Grape,1993,pos
4494,Io speriamo che me la cavo,1993,pos
4496,Balto,1995,pos
4497,Yao a yao yao dao waipo qiao,1995,pos
4498,Crossing Guard The,1995,pos
4499,Balto,1995,pos
4502,Cry the Beloved Country,1995,pos
4503,Four Rooms,1995,neg
4504,Four Rooms,1995,pos
4505,Four Rooms,1995,pos
4506,Four Rooms,1995,neg
4507,Cutthroat Island,1995,pos
4508,Cutthroat Island,1995,pos
4509,Honey I Blew Up the Kid,1992,pos
4510,Hero,1992,pos
4512,Shadowlands,1993,pos
4514,Wild Bill,1995,pos
4515,Dracula: Dead and Loving It,1995,pos
4516,Father of the Bride Part II,1995,pos
4517,Mr. Hollands Opus,1995,pos
4518,Mr. Hollands Opus,1995,pos
4519,Kiss of the Spider Woman,1985,pos
4520,Waiting to Exhale,1995,pos
4521,Twelve Monkeys,1995,pos
4522,Twelve Monkeys,1995,pos
4523,Twelve Monkeys,1995,pos
4524,Twelve Monkeys,1995,pos
4525,Twelve Monkeys,1995,pos
4526,Twelve Monkeys,1995,neg
4527,Nixon,1995,pos
4528,Nixon,1995,pos
4529,Thunderball,1965,pos
4530,Sabrina,1995,pos
4531,Twelve Monkeys,1995,pos
4532,Twelve Monkeys,1995,pos
4533,Mute Witness,1994,pos
4534,Frank and Jesse,1994,pos
4535,GoldenEye,1995,pos
4536,Othello,1995,pos
4537,Yao a yao yao dao waipo qiao,1995,pos
4538,Batman Forever,1995,neg
4539,Eye for an Eye,1996,pos
4540,Eye for an Eye,1996,pos
4541,Antonia,1995,pos
4542,Antonia,1995,pos
4543,Whistle Down the Wind,1961,pos
4544,Dunston Checks In,1996,neg
4545,Kicking and Screaming,1995,pos
4546,Pornographer The,1994,pos
4547,Passion Fish,1992,pos
4548,Dead Man Walking,1995,pos
4549,Gazon maudit,1995,pos
4550,Two if by Sea,1996,pos
4551,Two if by Sea,1996,pos
4553,Live and Let Die,1973,pos
4554,You Only Live Twice,1967,pos
4555,Riget,1994,pos
4556,Sudden Death,1995,pos
4557,Four Rooms,1995,pos
4558,Four Rooms,1995,neg
4560,Mindwalk,1990,pos
4562,Brief History of Time A,1992,pos
4563,Two if by Sea,1996,neg
4564,Waiting to Exhale,1995,pos
4566,Tous les matins du monde,1991,pos
4567,Heat,1995,pos
4568,Sabrina,1995,pos
4569,Toy Story,1995,pos
4570,Grumpier Old Men,1995,pos
4571,Bottle Rocket,1996,pos
4572,War The,1994,pos
4573,From Dusk Till Dawn,1996,pos
4574,From Dusk Till Dawn,1996,pos
4576,From Dusk Till Dawn,1996,pos
4577,From Dusk Till Dawn,1996,pos
4578,From Dusk Till Dawn,1996,pos
4579,Leaving Las Vegas,1995,pos
4580,Leaving Las Vegas,1995,pos
4581,Othello,1995,pos
4582,Sense and Sensibility,1995,pos
4583,Hackers,1995,neg
4584,Eye for an Eye,1996,pos
4585,Mr. Hollands Opus,1995,pos
4586,Dont Be a Menace to South Central While Drinking Your Juice in the Hood,1996,pos
4587,Pride and Prejudice,1995,pos
4588,Dr. No,1962,pos
4589,Man with the Golden Gun The,1974,pos
4591,All Through the Night,1942,pos
4592,Arise My Love,1940,pos
4593,From Dusk Till Dawn,1996,pos
4594,From Dusk Till Dawn,1996,pos
4595,From Dusk Till Dawn,1996,pos
4596,Othello,1995,pos
4597,Othello,1995,pos
4598,Sense and Sensibility,1995,pos
4599,Make Way for Tomorrow,1937,pos
4600,Badkonake Sefid,1995,pos
4601,Nobodys Fool,1994,pos
4602,El Cid,1961,pos
4603,Dead Man Walking,1995,pos
4604,Dead Man Walking,1995,pos
4605,Dead Man Walking,1995,pos
4606,Mr. Hollands Opus,1995,pos
4607,Mr. Hollands Opus,1995,pos
4608,Monty Python and the Holy Grail,1975,pos
4609,Uranus,1990,pos
4611,Dunston Checks In,1996,pos
4612,Dunston Checks In,1996,pos
4613,Twelve Monkeys,1995,pos
4614,Angels and Insects,1995,pos
4615,Screamers,1995,pos
4616,Screamers,1995,neg
4617,Screamers,1995,pos
4619,Restoration,1995,pos
4620,Restoration,1995,pos
4621,Paper The,1994,pos
4622,Pride and Prejudice,1995,pos
4623,Queen of Hearts,1989,pos
4624,Fatale,1992,pos
4625,Anne Frank Remembered,1995,pos
4628,Bed of Roses,1996,pos
4630,Hackers,1995,pos
4631,burbs The,1989,pos
4632,In the Bleak Midwinter,1995,pos
4633,From Russia with Love,1963,pos
4634,Moonraker,1979,pos
4635,Jin yu man tang,1995,pos
4639,Fort Apache,1948,pos
4640,White Squall,1996,pos
4642,School Ties,1992,pos
4643,Twelve Monkeys,1995,pos
4645,Dangerous Moonlight,1941,pos
4648,Kids,1995,pos
4649,Dog Day Afternoon,1975,pos
4650,Angels and Insects,1995,pos
4651,Screamers,1995,pos
4652,Black Sheep,1996,neg
4653,Georgia,1995,pos
4654,Two if by Sea,1996,pos
4655,Othello,1995,pos
4656,Sudden Death,1995,pos
4657,Juror The,1996,pos
4658,Restoration,1995,pos
4659,Carry On Matron,1972,pos
4662,Dr. No,1962,pos
4663,From Russia with Love,1963,pos
4664,Goldfinger,1964,neg
4665,Thunderball,1965,pos
4666,Casino Royale,1967,pos
4667,You Only Live Twice,1967,pos
4668,On Her Majestys Secret Service,1969,neg
4669,Diamonds Are Forever,1971,neg
4670,Live and Let Die,1973,pos
4671,Man with the Golden Gun The,1974,neg
4672,Spy Who Loved Me The,1977,pos
4673,Moonraker,1979,neg
4674,For Your Eyes Only,1981,pos
4675,Octopussy,1983,neg
4676,Never Say Never Again,1983,neg
4677,View to a Kill A,1985,neg
4678,Living Daylights The,1987,pos
4679,Licence to Kill,1989,pos
4680,Crossing Guard The,1995,pos
4681,Simon,1980,pos
4682,Juror The,1996,pos
4683,Keiner liebt mich,1994,pos
4684,Restoration,1995,pos
4685,White Squall,1996,pos
4686,Goldfinger,1964,pos
4687,For Your Eyes Only,1981,pos
4688,Versprechen Das,1994,pos
4689,Mr. Hollands Opus,1995,pos
4690,Bed of Roses,1996,pos
4691,Dead Man Walking,1995,pos
4692,Dazed and Confused,1993,pos
4693,Beautiful Girls,1996,pos
4694,Beautiful Girls,1996,pos
4695,Broken Arrow,1996,pos
4696,Broken Arrow,1996,neg
4697,Broken Arrow,1996,neg
4698,Broken Arrow,1996,neg
4699,Broken Arrow,1996,pos
4701,Im Gonna Git You Sucka,1988,pos
4702,Breakfast Club The,1985,pos
4703,Johnny Mnemonic,1995,pos
4704,White Squall,1996,pos
4705,Michelangelo: A Self Portrait,1990,pos
4706,Dead Man Walking,1995,pos
4707,Dead Man Walking,1995,pos
4708,Georgia,1995,neg
4709,City Hall,1996,pos
4710,Richard III,1995,pos
4711,Cutthroat Island,1995,pos
4712,Wild Bill,1995,pos
4713,On Her Majestys Secret Service,1969,pos
4714,Octopussy,1983,pos
4716,Anatomy of a Murder,1959,pos
4717,Patti Rocks,1988,pos
4718,Carry on Doctor,1968,pos
4719,Carry On Henry,1971,pos
4720,Breakfast Club The,1985,pos
4722,Ice Station Zebra,1968,pos
4724,Restoration,1995,pos
4725,Broken Arrow,1996,neg
4727,Broken Arrow,1996,pos
4728,Jumanji,1995,pos
4729,Georgia,1995,pos
4730,Beautiful Blonde from Bashful Bend The,1949,pos
4731,Monkey Shines,1988,pos
4732,Primal Fear,1996,pos
4733,Dead Man Walking,1995,pos
4734,Beautiful Girls,1996,pos
4735,City Hall,1996,pos
4736,City Hall,1996,pos
4737,City Hall,1996,pos
4738,City Hall,1996,pos
4739,Twelve Monkeys,1995,pos
4740,Twelve Monkeys,1995,pos
4741,White Squall,1996,pos
4742,Muppet Treasure Island,1996,pos
4744,Passage to India A,1984,pos
4745,Last Temptation of Christ The,1988,pos
4746,Dangerous Minds,1995,pos
4747,Die Hard: With a Vengeance,1995,neg
4748,Little Women,1994,pos
4749,Interview with the Vampire: The Vampire Chronicles,1994,pos
4750,Heavy,1995,pos
4751,Theodore Rex,1995,pos
4752,Celluloid Closet The,1995,pos
4753,Things to Do in Denver When Youre Dead,1995,neg
4754,Things to Do in Denver When Youre Dead,1995,pos
4755,Mr. Wrong,1996,neg
4756,Muppet Christmas Carol The,1992,neg
4757,Sgt. Peppers Lonely Hearts Club Band,1978,neg
4758,House of Wax,1953,pos
4759,Species,1995,neg
4760,Postino Il,1994,pos
4761,Jaws,1975,pos
4762,Richard III,1995,pos
4763,Richard III,1995,pos
4765,Leaving Las Vegas,1995,pos
4766,Angels and Insects,1995,pos
4767,Gazon maudit,1995,pos
4768,Diamonds Are Forever,1971,pos
4769,View to a Kill A,1985,pos
4770,Happy Gilmore,1996,neg
4771,Happy Gilmore,1996,neg
4772,Unforgettable,1996,pos
4773,Experiment Perilous,1944,pos
4774,Its My Party,1996,pos
4775,Keiner liebt mich,1994,pos
4776,Four Rooms,1995,neg
4777,Mr. Hollands Opus,1995,pos
4778,Happy Gilmore,1996,neg
4779,Mr. Wrong,1996,pos
4780,Muppet Treasure Island,1996,pos
4781,Mary Reilly,1996,pos
4782,Mary Reilly,1996,neg
4783,Up Close & Personal,1996,pos
4784,Hong faan kui,1995,pos
4785,Hong faan kui,1995,neg
4787,Hong faan kui,1995,pos
4788,Hong faan kui,1995,pos
4789,Jui kuen II,1994,pos
4790,Broken Arrow,1996,pos
4791,Angels and Insects,1995,pos
4792,Birdcage The,1996,pos
4793,Birdcage The,1996,pos
4794,Mixed Nuts,1994,neg
4795,Before and After,1996,pos
4796,Trial The,1993,pos
4797,Mr. Wrong,1996,pos
4798,Little Women,1994,pos
4799,Mrs. Parker and the Vicious Circle,1994,pos
4801,Huozhe,1994,pos
4802,Tombstone,1993,pos
4803,Unforgettable,1996,neg
4804,Before and After,1996,pos
4808,Happy Gilmore,1996,pos
4809,Restoration,1995,pos
4810,Antonia,1995,pos
4811,Black Robe,1991,pos
4812,Dead Man Walking,1995,pos
4813,Mr. Hollands Opus,1995,pos
4814,Cry the Beloved Country,1995,pos
4815,Cry the Beloved Country,1995,pos
4816,Trainspotting,1996,pos
4817,Nobodys Fool,1994,pos
4818,Gazon maudit,1995,neg
4819,Waterland,1992,pos
4820,Down Periscope,1996,pos
4821,Down Periscope,1996,pos
4822,Up Close & Personal,1996,pos
4823,Casino Royale,1967,pos
4824,Never Say Never Again,1983,pos
4825,Come See the Paradise,1990,pos
4826,Muppet Treasure Island,1996,pos
4827,Anne Frank Remembered,1995,pos
4828,Up Close & Personal,1996,neg
4829,Antonia,1995,pos
4830,City Hall,1996,pos
4831,Beautiful Girls,1996,pos
4833,Angels and Insects,1995,pos
4834,In the Bleak Midwinter,1995,pos
4835,Mary Reilly,1996,pos
4836,Shawshank Redemption The,1994,pos
4837,Huozhe,1994,pos
4838,Tombstone,1993,pos
4839,Fargo,1996,pos
4840,Postino Il,1994,pos
4841,Keiner liebt mich,1994,pos
4842,Taxi Driver,1976,pos
4843,If Lucy Fell,1996,pos
4844,If Lucy Fell,1996,pos
4846,Birdcage The,1996,pos
4847,Up Close & Personal,1996,pos
4848,Beautiful Girls,1996,neg
4849,Carried Away,1996,pos
4850,Haine La,1995,pos
4851,Secret Ceremony,1968,pos
4852,Philadelphia,1993,pos
4853,Jacknife,1989,pos
4854,Strange Days,1995,pos
4855,Abyss The,1989,pos
4856,Executive Decision,1996,pos
4857,Barton Fink,1991,pos
4858,Fargo,1996,pos
4859,Hong faan kui,1995,pos
4860,Girl 6,1996,pos
4861,Executive Decision,1996,neg
4862,Birdcage The,1996,pos
4863,Homeward Bound II: Lost in San Francisco,1996,pos
4864,Two Much,1996,neg
4865,Crimson Tide,1995,pos
4866,Young Poisoners Handbook The,1995,pos
4867,Fargo,1996,pos
4868,Braveheart,1995,pos
4869,Bandit Queen,1994,pos
4870,Birdcage The,1996,pos
4871,Denise Calls Up,1995,pos
4872,Executive Decision,1996,pos
4874,Stars Fell on Henrietta The,1995,pos
4875,Cadillac Ranch,1997,pos
4876,Alchemy,1997,pos
4877,Destiny of Marty Fine The,1996,pos
4878,Daytrippers The,1996,pos
4879,Gaslight,1944,pos
4880,Tacones lejanos,1991,pos
4881,Ley del deseo La,1987,pos
4882,Do the Right Thing,1989,pos
4883,Rosa Luxemburg,1986,pos
4884,Diabolique,1996,neg
4885,Diabolique,1996,neg
4886,Family Thing A,1996,pos
4887,Last Summer in the Hamptons,1995,pos
4889,City Hall,1996,pos
4890,Clockers,1995,pos
4893,Apollo 13,1995,pos
4894,Forget Paris,1995,pos
4895,Caught,1996,pos
4896,Drinking Games,1998,pos
4897,Hitting the Ground,1996,pos
4898,Late Bloomers,1996,pos
4899,Un indien dans la ville,1994,neg
4900,Its My Party,1995,pos
4901,Rook The,1994,pos
4902,Two Much,1996,pos
4903,Year of My Japanese Cousin The,1995,pos
4904,Miami Blues,1990,pos
4906,Fargo,1996,pos
4907,Blow Out,1981,pos
4908,Dirty Rotten Scoundrels,1988,pos
4909,Abyss The,1989,pos
4912,Twelve Monkeys,1995,pos
4913,Hudsucker Proxy The,1994,pos
4914,Fresh,1994,pos
4915,When Saturday Comes,1996,pos
4916,Flirting with Disaster,1996,pos
4917,Flirting with Disaster,1996,pos
4918,Sgt. Bilko,1996,neg
4919,Sgt. Bilko,1996,pos
4920,Pather Panchali,1955,pos
4921,Sands of the Kalahari,1965,pos
4922,Birdcage The,1996,pos
4924,Grand Canyon,1991,pos
4926,Jing cha gu shi III: Chao ji jing cha,1992,pos
4927,All Dogs Go to Heaven,1989,pos
4928,Dead Man Walking,1995,pos
4929,Family Thing A,1996,pos
4930,Diabolique,1996,pos
4931,Diabolique,1996,neg
4932,Diabolique,1996,pos
4933,Adventures in Babysitting,1987,pos
4934,Flirting with Disaster,1996,pos
4935,Flirting with Disaster,1996,pos
4936,Crimes and Misdemeanors,1989,pos
4937,Primal Fear,1996,pos
4938,Primal Fear,1996,pos
4940,Another Woman,1988,pos
4942,Girl 6,1996,pos
4943,Faithful,1996,neg
4944,Sgt. Bilko,1996,neg
4945,Sgt. Bilko,1996,pos
4946,If Lucy Fell,1996,pos
4947,Birdcage The,1996,pos
4948,Last Supper The,1995,pos
4949,Race the Sun,1996,pos
4950,Oscar,1991,pos
4951,Eating,1990,pos
4952,Family Thing A,1996,pos
4953,Black Robe,1991,pos
4954,Fargo,1996,pos
4955,People Will Talk,1951,pos
4956,Jane Eyre,1996,pos
4957,Things to Do in Denver When Youre Dead,1995,pos
4958,Taxi Driver,1976,pos
4959,Cry the Beloved Country,1995,pos
4960,Black Rain,1989,pos
4961,Land Before Time The,1988,pos
4962,Land Before Time II: The Great Valley Adventure The,1994,pos
4963,Land Before Time III: The Time of the Great Giving,1995,pos
4964,Germinal,1993,pos
4965,Family Thing A,1996,pos
4966,Back to the Future Part III,1990,neg
4967,Batman,1989,pos
4968,Betsys Wedding,1990,pos
4969,Fargo,1996,pos
4970,Jane Eyre,1996,pos
4971,Amant L,1991,pos
4973,Uomo delle stelle L,1995,pos
4974,Primal Fear,1996,pos
4975,Primal Fear,1996,pos
4976,Burglar,1987,neg
4977,burbs The,1989,pos
4978,Midnight Cowboy,1969,pos
4979,Music Box,1990,pos
4980,Koneko monogatari,1986,pos
4981,Fox and the Hound The,1981,pos
4982,Celluloid Closet The,1995,pos
4983,Badkonake sefid,1995,pos
4984,Untamed Heart,1993,pos
4985,Ours L,1988,pos
4986,Oliver & Company,1988,pos
4987,Denise Calls Up,1995,pos
4988,Uomo delle stelle L,1995,pos
4989,Haine La,1995,pos
4990,Jurk De,1996,pos
4991,Net The,1995,pos
4992,Nine Months,1995,neg
4993,Pocahontas,1995,pos
4994,Thin Line Between Love and Hate A,1996,pos
4995,Faithful,1996,pos
4996,Celluloid Closet The,1995,pos
4997,Vukovar poste restante,1994,pos
4998,Primal Fear,1996,pos
4999,Primal Fear,1996,pos
5001,Kids in the Hall: Brain Candy,1996,neg
5002,Truth About Cats & Dogs The,1996,pos
5003,Gazon maudit,1995,pos
5004,Family Thing A,1996,pos
5005,Faithful,1996,pos
5006,Girl 6,1996,neg
5007,Cousins,1989,pos
5008,Chances Are,1989,pos
5009,Driving Miss Daisy,1989,pos
5010,Dead Bang,1989,neg
5011,Dead Poets Society,1989,pos
5012,Die Hard 2,1990,neg
5013,Childs Play,1988,pos
5014,Cadillac Man,1990,pos
5015,Casualties of War,1989,pos
5016,Dream Team The,1989,pos
5017,Jane Eyre,1996,neg
5018,Race the Sun,1996,pos
5019,Flirting with Disaster,1996,pos
5020,James and the Giant Peach,1996,pos
5021,James and the Giant Peach,1996,pos
5022,James and the Giant Peach,1996,pos
5023,James and the Giant Peach,1996,pos
5024,James and the Giant Peach,1996,pos
5025,Once Upon a Time... When We Were Colored,1996,pos
5026,Primal Fear,1996,pos
5027,Fear,1996,pos
5028,Fear,1996,pos
5029,Fear,1996,pos
5030,Mrs. Winterbourne,1996,pos
5031,Mrs. Winterbourne,1996,pos
5032,Were Back! A Dinosaurs Story,1993,pos
5033,Heidi Fleiss: Hollywood Madam,1995,pos
5034,Kokaku kidotai,1995,neg
5035,Mr. Hollands Opus,1995,pos
5036,King Rat,1965,pos
5037,Getting Away with Murder,1996,pos
5038,I Shot Andy Warhol,1996,pos
5039,Flirting with Disaster,1996,pos
5040,Nuovo cinema Paradiso,1988,pos
5041,Earth Girls Are Easy,1989,pos
5042,Erik the Viking,1989,pos
5043,Field of Dreams,1989,pos
5044,Fletch Lives,1989,neg
5045,Getting It Right,1989,pos
5046,Glory,1989,pos
5047,Great Balls of Fire!,1989,pos
5048,Gremlins 2: The New Batch,1990,neg
5049,Star Wars,1977,pos
5050,Palookaville,1996,pos
5051,Truth About Cats & Dogs The,1996,pos
5052,In the Bleak Midwinter,1995,pos
5053,Flirting with Disaster,1996,pos
5054,Braveheart,1995,pos
5055,Empire Strikes Back The,1980,pos
5056,Kokaku kidotai,1995,pos
5057,Primal Fear,1996,pos
5058,North West Frontier,1959,pos
5059,Mystery Science Theater 3000: The Movie,1996,pos
5060,Barcelona,1994,pos
5061,Lilith,1964,pos
5062,Fountainhead The,1949,pos
5063,Strange Days,1995,pos
5064,Last Supper The,1995,pos
5065,Flirting with Disaster,1996,pos
5066,Jane Eyre,1996,pos
5067,Jane Eyre,1996,pos
5068,Family Thing A,1996,pos
5069,Executive Decision,1996,pos
5070,Primal Fear,1996,pos
5072,Flor de mi secreto La,1995,pos
5073,Mystery Science Theater 3000: The Movie,1996,pos
5074,Substitute The,1996,neg
5075,Badkonake sefid,1995,pos
5076,Girl 6,1996,pos
5077,Birdcage The,1996,pos
5078,Cry-Baby,1990,pos
5079,Harlem Nights,1989,neg
5080,Heart Condition,1990,neg
5081,Heathers,1989,pos
5082,Cold Fever,1994,pos
5084,Immediate Family,1989,pos
5085,Johnny Handsome,1989,pos
5086,Innocent Man An,1989,pos
5087,Indiana Jones and the Last Crusade,1989,pos
5088,Hunt for Red October The,1990,pos
5089,Joe Versus the Volcano,1990,pos
5090,Fair Game,1995,neg
5091,Denise Calls Up,1995,pos
5092,Up Close & Personal,1996,pos
5093,Snapper The,1993,pos
5094,Se7en,1995,pos
5095,Sgt. Bilko,1996,neg
5096,Trainspotting,1996,pos
5097,Pretty in Pink,1986,pos
5098,Babe,1995,pos
5099,Lieberman In Love,1995,pos
5100,Return of the Jedi,1983,pos
5101,Once Upon a Time... When We Were Colored,1996,pos
5102,Truth About Cats & Dogs The,1996,neg
5103,Truth About Cats & Dogs The,1996,pos
5104,Truth About Cats & Dogs The,1996,pos
5105,Celtic Pride,1996,neg
5106,Nixon,1995,pos
5107,Ace Ventura: When Nature Calls,1995,neg
5108,Usual Suspects The,1995,pos
5109,Vacation,1983,neg
5110,Ulzanas Raid,1972,pos
5111,Mulholland Falls,1996,pos
5112,Mulholland Falls,1996,neg
5113,Mulholland Falls,1996,pos
5114,Mulholland Falls,1996,pos
5115,Parapluies de Cherbourg Les,1964,pos
5116,Dead Man Walking,1995,pos
5118,Cold Comfort Farm,1995,pos
5119,Mystery Science Theater 3000: The Movie,1996,pos
5120,Cold Fever,1994,pos
5121,Great White Hype The,1996,pos
5122,Dellamorte Dellamore,1994,pos
5123,Grumpier Old Men,1995,pos
5124,Sister My Sister,1994,pos
5125,Doors The,1991,pos
5126,Laserman The,1990,pos
5127,Life Stinks,1991,pos
5128,Lethal Weapon 2,1989,pos
5129,Men Dont Leave,1990,pos
5130,Mississippi Burning,1988,pos
5131,Miss Firecracker,1989,pos
5132,Anne Frank Remembered,1995,pos
5133,Anne Frank Remembered,1995,pos
5134,Loaded,1994,pos
5136,Denise Calls Up,1995,pos
5137,Defending Your Life,1991,pos
5138,Barton Fink,1991,pos
5139,Little Murders,1971,pos
5140,Richard III,1995,pos
5141,Fled,1996,pos
5142,Substitute The,1996,neg
5143,Substitute The,1996,pos
5144,Jane Eyre,1996,pos
5145,Fargo,1996,pos
5146,Craft The,1996,neg
5147,Family Thing A,1996,pos
5148,Last Supper The,1995,pos
5149,Kokaku kidotai,1995,pos
5150,Mulholland Falls,1996,pos
5151,Mulholland Falls,1996,pos
5152,Kids in the Hall: Brain Candy,1996,neg
5153,Kids in the Hall: Brain Candy,1996,pos
5154,Smoke,1995,pos
5155,Flirt,null,pos
5156,Wife The,1996,pos
5157,Truth About Cats & Dogs The,1996,pos
5158,Truth About Cats & Dogs The,1996,pos
5159,Don Juan DeMarco,1995,pos
5160,Gate of Heavenly Peace The,1995,pos
5161,Sister My Sister,1994,pos
5162,Pallbearer The,1996,pos
5163,Pallbearer The,1996,pos
5164,Pallbearer The,1996,pos
5165,Pallbearer The,1996,pos
5166,Juror The,1996,neg
5167,Sunset Park,1996,pos
5168,D.C. Cab,1983,neg
5169,Manhattan,1979,pos
5170,Dellamorte Dellamore,1994,pos
5171,For the Moment,1994,pos
5172,Mostro Il,1994,pos
5173,Stalingrad,1993,pos
5174,Girl 6,1996,pos
5175,Flim-Flam Man The,1967,pos
5176,Angela,1995,pos
5178,Quest The,1996,pos
5179,Great White Hype The,1996,neg
5180,Crooklyn,1994,pos
5181,Barb Wire,1996,neg
5182,Barb Wire,1996,neg
5183,Xich lo,1995,pos
5184,Costa Brava,1994,pos
5185,Last Dance,1996,pos
5186,Keeper The,1995,pos
5187,Uomo delle stelle L,1995,pos
5188,Visiteurs Les,1993,pos
5189,Twister,1996,pos
5190,Dead Man,1995,pos
5191,Desnudo con naranjas,1994,pos
5192,From the Journals of Jean Seberg,1995,pos
5193,Pallbearer The,1996,pos
5194,Enfant noir L,1994,pos
5196,Clerks,1994,pos
5197,Green Berets The,1968,pos
5198,Oh God! You Devil,1984,pos
5199,Bull Durham,1988,neg
5200,Spy Who Loved Me The,1977,pos
5201,Billy Bathgate,1991,pos
5202,Fandango,1985,neg
5203,Opportunity Knocks,null,pos
5204,Pacific Heights,1990,neg
5205,My Girl,1991,pos
5206,Package The,1989,pos
5207,Mystic Pizza,1988,pos
5208,Naked Gun 2 1/2: The Smell of Fear The,1991,neg
5209,Nuns on the Run,1990,neg
5210,Punchline,1988,pos
5211,Paperhouse,1988,pos
5212,Naked Gun: From the Files of Police Squad! The,1988,neg
5213,Family Thing A,1996,pos
5214,Nico Icon,1995,pos
5215,Bottle Rocket,1996,pos
5216,Twister,1996,pos
5217,Twister,1996,pos
5218,Twister,1996,pos
5219,Twister,1996,pos
5220,Twister,1996,pos
5221,Celluloid Closet The,1995,pos
5222,Beethoven,1992,pos
5223,Beethovens 2nd,1993,pos
5224,Primal Fear,1996,pos
5225,Tommy Boy,1995,neg
5226,James and the Giant Peach,1996,pos
5227,Nine Months,1995,pos
5228,Land and Freedom,1995,pos
5229,Mallrats,1995,pos
5230,Angus,1995,pos
5231,Aristocats The,1970,pos
5232,Smoke,1995,pos
5233,Color of a Brisk and Leaping Day,1996,pos
5234,Dadetown,1996,pos
5235,Anne Frank Remembered,1995,pos
5236,Petits arrangements avec les morts,1994,pos
5237,Terra Estrangeira,1995,pos
5239,Tale of the Three Lost Jewels The,1994,pos
5240,Teta y la luna La,1994,pos
5241,Watermelon Woman The,1996,pos
5242,Welcome to the Dollhouse,1995,pos
5243,Twister,1996,pos
5244,Mrs. Winterbourne,1996,pos
5245,Someone Elses America,1995,pos
5246,Of Love and Shadows,1994,pos
5247,Sunset Park,1996,neg
5248,Celtic Pride,1996,neg
5249,Truth About Cats & Dogs The,1996,pos
5250,Twister,1996,pos
5254,Feast at Midnight A,1994,pos
5255,Tears of Stone,1996,pos
5256,Dead Man,1995,pos
5257,Land and Freedom,1995,pos
5258,Relentless,1989,pos
5259,Revenge,1990,pos
5260,Rosencrantz and Guildenstern Are Dead,1990,pos
5261,Robin Hood: Prince of Thieves,1991,pos
5262,RoboCop,1987,pos
5263,Robocop 2,1990,pos
5264,Quick Change,1990,pos
5265,Bombay,1995,pos
5266,Q & A,1990,pos
5267,Running on Empty,1988,pos
5268,Camp Stories,1997,pos
5269,Leylasede,1995,pos
5270,Pocahontas,1995,pos
5272,Wolf,1994,pos
5273,Devil in a Blue Dress,1995,pos
5274,Great White Hype The,1996,pos
5275,Twister,1996,pos
5276,I Shot Andy Warhol,1996,pos
5277,Mostro Il,1994,pos
5278,Truth About Cats & Dogs The,1996,pos
5279,Mystery Science Theater 3000: The Movie,1996,neg
5280,Original Gangstas,1996,pos
5281,Lone Star,1996,pos
5282,Lamerica,1994,pos
5283,Last Supper The,1995,pos
5284,Cool as Ice,1991,pos
5285,Kaze no na wa amunejia,1993,pos
5286,Cinderella,1950,pos
5287,Twister,1996,pos
5288,Twister,1996,pos
5289,Bull Durham,1988,pos
5290,Love Affair,1994,pos
5291,Heavens Prisoners,1996,pos
5292,City of Joy,1992,pos
5293,Steel Magnolias,1989,pos
5294,Swing Shift,1984,pos
5295,Staying Together,1989,pos
5296,Say Anything...,1989,pos
5297,Mystery Science Theater 3000: The Movie,1996,pos
5298,Scrooged,1988,pos
5299,Sea of Love,1989,pos
5300,She-Devil,1989,pos
5301,Skin Deep,1989,neg
5302,Star Trek V: The Final Frontier,1989,pos
5303,Moll Flanders,1996,pos
5304,Boys,1996,pos
5305,Denise Calls Up,1995,pos
5306,Heavens Prisoners,1996,neg
5307,Heavens Prisoners,1996,pos
5308,Nelly & Monsieur Arnaud,1995,pos
5309,Rampo,1994,pos
5310,Quick and the Dead The,1995,pos
5311,Barb Wire,1996,neg
5312,Truth About Cats & Dogs The,1996,pos
5313,Secrets & Lies,1996,pos
5314,Jumanji,1995,pos
5316,Twister,1996,pos
5317,Soylent Green,1973,pos
5318,Flipper,1996,pos
5319,Flipper,1996,pos
5320,Swiss Family Robinson,1960,pos
5321,King of the Wind,1989,pos
5322,Last Dance,1996,pos
5323,Lone Star,1996,pos
5324,Mission: Impossible,1996,pos
5325,Mission: Impossible,1996,neg
5326,Mission: Impossible,1996,pos
5327,Mission: Impossible,1996,neg
5328,Spy Hard,1996,neg
5329,Someone Elses America,1995,pos
5330,Yao a yao yao dao waipo qiao,1995,pos
5331,Mission: Impossible,1996,pos
5332,Mission: Impossible,1996,pos
5333,Mission: Impossible,1996,pos
5334,Mission: Impossible,1996,neg
5336,Mission: Impossible,1996,pos
5337,Mission: Impossible,1996,neg
5338,Spy Hard,1996,neg
5339,Spy Hard,1996,pos
5340,Network,1976,pos
5341,Young Poisoners Handbook The,1995,pos
5342,Cold Comfort Farm,1995,pos
5343,Hussard sur le toit Le,1995,pos
5344,Hussard sur le toit Le,1995,pos
5345,Welcome to the Dollhouse,1995,pos
5346,Chicken,1996,pos
5347,American Dreamer,1984,pos
5348,Casino,1995,pos
5349,Jungle Book The,1994,pos
5350,Zongsheng sihai,1990,pos
5351,Up Close & Personal,1996,pos
5352,Dead Man,1995,pos
5353,Parapluies de Cherbourg Les,1964,pos
5354,Once Upon a Time... When We Were Colored,1996,pos
5355,Americanization of Emily The,1964,pos
5356,JFK,1991,pos
5357,Talk Radio,1988,pos
5358,Tango & Cash,1989,neg
5359,Tapeheads,1988,pos
5360,Turner & Hooch,1989,pos
5361,Total Recall,1990,pos
5362,Teenage Mutant Ninja Turtles,1990,pos
5363,Twins,1988,pos
5364,Terminator 2: Judgment Day,1991,pos
5365,Tales from the Darkside: The Movie,1990,pos
5366,Gokiburi-tachi no tasogare,1987,pos
5367,Twin Peaks: Fire Walk with Me,1992,neg
5368,Flirting,1991,pos
5369,Brave Little Toaster The,1987,pos
5370,Hussard sur le toit Le,1995,pos
5371,Birdcage The,1996,pos
5372,Spy Hard,1996,pos
5373,Twister,1996,pos
5374,Mission: Impossible,1996,neg
5376,Mission: Impossible,1996,neg
5377,Uomo delle stelle L,1995,pos
5378,Anne Frank Remembered,1995,pos
5379,Clerks,1994,pos
5380,Planet of the Apes,1968,neg
5381,Sixteen Candles,1984,pos
5382,Die Hard: With a Vengeance,1995,pos
5383,Spy Hard,1996,neg
5384,Flatliners,1990,pos
5385,Mr. Hollands Opus,1995,pos
5386,Nick of Time,1995,neg
5387,Now and Then,1995,pos
5388,Dragonheart,1996,pos
5389,UHF,1989,pos
5390,Vital Signs,1990,pos
5391,Working Girl,1988,pos
5392,Yaaba,1989,pos
5393,Young Einstein,1988,neg
5394,What About Bob?,1991,neg
5395,When Harry Met Sally...,1989,pos
5396,Joe Versus the Volcano,1990,neg
5397,Great White Hype The,1996,pos
5398,Fiend Without a Face,1958,pos
5399,Mission: Impossible,1996,pos
5400,Nelly & Monsieur Arnaud,1995,pos
5401,Cold Comfort Farm,1995,pos
5402,Parapluies de Cherbourg Les,1964,pos
5403,Eddie,1996,neg
5404,Dragonheart,1996,pos
5405,Dragonheart,1996,pos
5406,Dragonheart,1996,pos
5407,Dragonheart,1996,pos
5408,Arrival The,1996,pos
5409,Arrival The,1996,pos
5410,Arrival The,1996,pos
5411,Arrival The,1996,pos
5412,Arrival The,1996,pos
5413,Catwalk,null,pos
5414,Rosemarys Baby,1968,neg
5415,Children of the Corn,1984,pos
5416,Reservoir Dogs,1992,pos
5417,Arrival The,1996,pos
5418,Dragonheart,1996,neg
5419,Last Supper The,1995,pos
5420,Journey of August King The,1995,pos
5421,Flor de mi secreto La,1995,pos
5422,Celluloid Closet The,1995,pos
5423,Showgirls,1995,neg
5424,Rock The,1996,pos
5425,Powder,1995,neg
5426,Dellamorte Dellamore,1994,pos
5427,Higher Learning,1995,pos
5428,Mission: Impossible,1996,pos
5429,Mission: Impossible,1996,pos
5430,Elizabeth R,1971,pos
5431,Stealing Beauty,1996,pos
5432,Braveheart,1995,pos
5433,Mr. Jones,1993,neg
5434,Grumpy Old Men,1993,neg
5435,...And Justice for All,1979,pos
5436,Phantom The,1996,pos
5437,Phantom The,1996,pos
5438,Rock The,1996,pos
5439,Rock The,1996,pos
5440,Rock The,1996,pos
5441,Rock The,1996,pos
5442,Red Rock West,1992,pos
5444,Phantom The,1996,pos
5445,Moll Flanders,1996,pos
5446,Moll Flanders,1996,pos
5447,Moll Flanders,1996,pos
5448,Cold Comfort Farm,1995,pos
5449,Dragonheart,1996,pos
5450,Eddie,1996,neg
5451,Welcome to the Dollhouse,1995,pos
5452,Welcome to the Dollhouse,1995,pos
5453,Arrival The,1996,pos
5454,Mission: Impossible,1996,neg
5455,Twister,1996,pos
5456,Once Upon a Time... When We Were Colored,1996,pos
5457,Switch,1991,pos
5458,Running Man The,1987,pos
5459,Iria: Zeiram the Animation,1993,neg
5460,Lone Star,1996,pos
5461,Jui kuen II,1994,pos
5462,Denise Calls Up,1995,pos
5482,Shadows and Fog,1992,pos
5483,Husbands and Wives,1992,pos
5484,Manhattan Murder Mystery,1993,pos
5486,Forbidden Planet,1956,pos
5487,Cable Guy The,1996,pos
5488,Cable Guy The,1996,pos
5489,Flipper,1996,neg
5490,Butterfly Kiss,1995,pos
5491,Lone Star,1996,pos
5492,Dragonheart,1996,pos
5494,Convento O,1995,pos
5495,Eraser,1996,neg
5496,Eraser,1996,pos
5497,Stealing Beauty,1996,pos
5498,Mighty Aphrodite,1995,pos
5499,Stealing Beauty,1996,pos
5501,Dead Man,1995,pos
5502,Psycho,1960,pos
5503,Young Guns,1988,neg
5504,Georgy Girl,1966,pos
5505,Welcome to the Dollhouse,1995,pos
5506,Heavy Metal,1981,pos
5507,Midnight Run,1988,pos
5508,Cold Comfort Farm,1995,pos
5509,Cold Comfort Farm,1995,pos
5510,Someone Elses America,1995,pos
5511,Prisoner of Zenda The,1937,pos
5512,Hunchback of Notre Dame The,1996,pos
5513,Hunchback of Notre Dame The,1996,pos
5514,Eddie,1996,neg
5515,Batman,1989,pos
5516,Homage,1996,pos
5517,Eraser,1996,neg
5518,Eraser,1996,pos
5519,Eraser,1996,neg
5520,Switchblade Sisters,1975,neg
5521,Mission: Impossible,1996,pos
5522,Crimes and Misdemeanors,1989,pos
5523,Hannah and Her Sisters,1986,pos
5524,Total Recall,1990,pos
5525,Eraser,1996,pos
5526,Eraser,1996,neg
5527,Eraser,1996,neg
5528,Eraser,1996,pos
5529,Hunchback of Notre Dame The,1996,pos
5530,Xich lo,1995,pos
5531,Welcome to the Dollhouse,1995,pos
5532,Midnight Clear A,1991,pos
5533,Powaqqatsi,1988,pos
5534,Life of Brian,1979,pos
5535,Monty Pythons The Meaning of Life,1983,pos
5536,Monty Python and the Holy Grail,1975,pos
5537,Phenomenon,1996,pos
5538,Phenomenon,1996,pos
5539,Phenomenon,1996,pos
5540,Neon Bible The,1995,pos
5541,Independence Day,1996,pos
5542,Independence Day,1996,pos
5543,Terminator The,1984,pos
5544,Eraser,1996,pos
5547,Deliverance,1972,pos
5548,Two Deaths,1995,pos
5549,Emma,1996,pos
5551,Nutty Professor The,1996,pos
5552,Hunchback of Notre Dame The,1996,pos
5553,Stealing Beauty,1996,pos
5554,Striptease,1996,pos
5555,Striptease,1996,pos
5556,Striptease,1996,pos
5557,Striptease,1996,pos
5558,Eraser,1996,neg
5559,Striptease,1996,pos
5560,Sleeper,1973,pos
5561,Nutty Professor The,1996,neg
5562,D.I. The,1957,neg
5563,To Die for,1995,pos
5564,Wolf,1994,pos
5565,Hussard sur le toit Le,1995,pos
5566,Cable Guy The,1996,pos
5567,Hunchback of Notre Dame The,1996,pos
5568,Phenomenon,1996,pos
5569,Phenomenon,1996,pos
5570,Hunchback of Notre Dame The,1996,pos
5571,Striptease,1996,pos
5572,Stealing Beauty,1996,pos
5573,Independence Day,1996,pos
5574,Independence Day,1996,pos
5575,Independence Day,1996,pos
5576,Independence Day,1996,pos
5577,Independence Day,1996,pos
5578,Barb Wire,1996,neg
5579,Birdcage The,1996,pos
5580,Leaving Las Vegas,1995,pos
5581,Eraser,1996,neg
5582,Feng yue,1996,pos
5583,Flirting with Disaster,1996,pos
5584,Silent Trigger,1996,neg
5585,Independence Day,1996,pos
5586,Cutthroat Island,1995,pos
5587,It Takes Two,1995,pos
5588,Folks!,1992,pos
5589,Road to Wellville The,1994,pos
5590,Twin Peaks: Fire Walk with Me,1992,pos
5591,Independence Day,1996,neg
5592,Independence Day,1996,pos
5593,Independence Day,1996,pos
5596,Phenomenon,1996,pos
5597,Carried Away,1996,pos
5598,Plein soleil,1960,pos
5599,One That Got Away The,1957,pos
5600,I Shot Andy Warhol,1996,pos
5601,Last Unicorn The,1982,pos
5602,Lone Star,1996,pos
5603,Lone Star,1996,pos
5604,Independence Day,1996,pos
5605,Indiana Jones and the Last Crusade,1989,pos
5606,Young Poisoners Handbook The,1995,pos
5607,Nutty Professor The,1996,pos
5609,Independence Day,1996,pos
5610,Independence Day,1996,pos
5611,Independence Day,1996,pos
5612,Independence Day,1996,pos
5613,Independence Day,1996,pos
5614,Courage Under Fire,1996,pos
5615,Courage Under Fire,1996,pos
5616,Courage Under Fire,1996,pos
5617,Plein soleil,1960,pos
5618,Dragonheart,1996,pos
5619,Arrival The,1996,pos
5620,Welcome to the Dollhouse,1995,pos
5621,Cable Guy The,1996,pos
5622,Phantom The,1996,neg
5623,Kicking and Screaming,1995,pos
5624,Crossing Guard The,1995,pos
5625,Love and Death,1975,pos
5626,Poseidon Adventure The,1972,neg
5627,Stripes,1981,neg
5628,Search and Destroy,1995,pos
5629,Take the Money and Run,1969,neg
5630,Se7en,1995,pos
5631,Modern Times,1936,pos
5632,Doom Generation The,1995,neg
5633,Emma,1996,pos
5634,Independence Day,1996,pos
5635,Stonewall,1995,pos
5636,Heat,1995,neg
5637,Multiplicity,1996,pos
5638,Phenomenon,1996,pos
5639,Striptease,1996,pos
5640,Truth About Cats & Dogs The,1996,pos
5641,Victory,1995,pos
5642,Even Cowgirls Get the Blues,1993,pos
5643,Hu Du Men,1996,pos
5644,Heavens Prisoners,1996,neg
5645,Heavy,1995,pos
5646,Harriet the Spy,1996,pos
5647,Harriet the Spy,1996,pos
5648,Harriet the Spy,1996,pos
5649,Independence Day,1996,pos
5650,Independence Day,1996,pos
5651,Multiplicity,1996,pos
5652,Multiplicity,1996,neg
5653,Welcome to the Dollhouse,1995,pos
5654,Courage Under Fire,1996,pos
5655,Courage Under Fire,1996,pos
5656,Courage Under Fire,1996,pos
5657,Time to Kill A,1996,pos
5658,Time to Kill A,1996,pos
5659,Gokiburi-tachi no tasogare,1987,pos
5660,Time to Kill A,1996,pos
5661,Trainspotting,1996,pos
5662,Hunchback of Notre Dame The,1996,pos
5663,Bewegte Mann Der,1994,pos
5664,Frighteners The,1996,pos
5665,Heat,1995,pos
5666,Taxi Driver,1976,pos
5667,Kazaam,1996,pos
5668,Independence Day,1996,pos
5669,Independence Day,1996,pos
5670,Rock The,1996,pos
5671,Fargo,1996,pos
5673,Phenomenon,1996,pos
5674,Frighteners The,1996,pos
5675,Frighteners The,1996,pos
5676,Frighteners The,1996,neg
5677,Trainspotting,1996,pos
5678,Bewegte Mann Der,1994,pos
5679,Kiss Me Kate,1953,pos
5680,Fled,1996,pos
5681,Fled,1996,pos
5682,Breaking the Waves,1996,pos
5683,Time to Kill A,1996,pos
5684,Great Gatsby The,1974,pos
5685,Oleanna,1994,pos
5686,Walking and Talking,1996,pos
5687,Trainspotting,1996,pos
5688,Walking and Talking,1996,pos
5689,Lone Star,1996,pos
5690,Plein soleil,1960,pos
5691,Adventures of Pinocchio The,1996,pos
5692,Morte a Venezia,1971,pos
5693,Trollsyn,1994,pos
5694,Jing cha gu shi III: Chao ji jing cha,1992,pos
5695,Kicking and Screaming,1995,pos
5696,Frighteners The,1996,neg
5697,Frighteners The,1996,pos
5698,Jing cha gu shi III: Chao ji jing cha,1992,pos
5699,Adventures of Pinocchio The,1996,pos
5700,Frighteners The,1996,pos
5701,Frighteners The,1996,pos
5702,Kingpin,1996,neg
5703,Kingpin,1996,neg
5704,Kingpin,1996,neg
5705,Kingpin,1996,neg
5706,Slumber Party Massacre The,1982,neg
5707,Fargo,1996,pos
5708,Juror The,1996,pos
5709,Dune,1984,pos
5710,Sgt. Bilko,1996,neg
5711,Multiplicity,1996,pos
5712,Multiplicity,1996,pos
5713,Normal Life,1996,pos
5714,Jack,1996,pos
5715,Walking and Talking,1996,pos
5716,Trainspotting,1996,pos
5717,Jing cha gu shi III: Chao ji jing cha,1992,pos
5718,Jing cha gu shi III: Chao ji jing cha,1992,pos
5719,Alaska,1996,pos
5720,Joes Apartment,1996,pos
5721,Joes Apartment,1996,neg
5722,Joes Apartment,1996,pos
5723,Time to Kill A,1996,pos
5724,Braveheart,1995,pos
5725,Fled,1996,neg
5726,Frighteners The,1996,pos
5727,Joes Apartment,1996,pos
5728,Kingpin,1996,neg
5729,Kingpin,1996,neg
5730,Wings,1927,pos
5731,Jing cha gu shi III: Chao ji jing cha,1992,pos
5732,Trainspotting,1996,pos
5733,Whats New Pussycat,1965,pos
5734,Late Shift The,1996,neg
5735,Fargo,1996,pos
5736,Judgment at Nuremberg,1961,pos
5737,Producers The,1968,pos
5738,Shes Gotta Have It,1986,pos
5739,Casablanca,1942,pos
5740,Chain Reaction,1996,pos
5741,Twister,1996,pos
5742,Basquiat,1996,pos
5743,Strapped,1993,neg
5744,Courage Under Fire,1996,pos
5745,Gimme Shelter,1970,pos
5746,Rocketeer The,1991,pos
5747,Emma,1996,pos
5748,Westworld,1973,pos
5749,Jack,1996,pos
5750,Chain Reaction,1996,pos
5751,Kansas City,1996,pos
5752,Phat Beach,1996,neg
5753,Courage Under Fire,1996,pos
5754,Matilda,1996,pos
5755,Matilda,1996,pos
5756,Matilda,1996,pos
5758,Mrs. Winterbourne,1996,neg
5759,Lolita,1962,pos
5760,Walking and Talking,1996,pos
5761,Phenomenon,1996,pos
5762,Trainspotting,1996,pos
5763,Escape from L.A.,1996,pos
5764,Switchblade Sisters,1975,pos
5765,Time to Kill A,1996,pos
5766,Institute Benjamenta or This Dream People Call Human Life,1995,pos
5767,Alice,1990,pos
5768,Jack-O,1995,neg
5769,Midsummer Nights Sex Comedy A,1982,pos
5770,Everything You Always Wanted to Know About Sex,1972,pos
5771,R.I.O.T.: The Movie,1996,neg
5772,Interiors,1978,pos
5773,Play It Again Sam,1972,pos
5774,Strangolatore di Vienna Lo,1971,neg
5775,Radio Days,1987,pos
5776,Big Night,1996,pos
5777,Heart of Darkness,1994,pos
5778,Chain Reaction,1996,neg
5779,Adventures of Pinocchio The,1996,pos
5780,Jack,1996,pos
5781,Kansas City,1996,pos
5783,Basquiat,1996,pos
5784,Manny & Lo,1996,pos
5785,Heavy,1995,pos
5786,Basquiat,1996,pos
5787,Chain Reaction,1996,pos
5788,Majo no takkyubin,1989,pos
5789,Eraser,1996,pos
5790,Hunchback of Notre Dame The,1996,pos
5791,Beautiful Girls,1996,pos
5792,Secrets & Lies,1996,pos
5793,Twister,1996,pos
5794,Denise Calls Up,1995,neg
5795,Emma,1996,pos
5796,Jack,1996,pos
5797,Kingpin,1996,pos
5798,Trainspotting,1996,pos
5799,Escape from New York,1981,pos
5800,Emma,1996,pos
5801,Escape from L.A.,1996,pos
5802,Alaska,1996,pos
5803,Adventures of Pinocchio The,1996,pos
5804,Night of the Lepus,1972,pos
5805,Emma,1996,pos
5806,Shine,1996,pos
5807,Stalag 17,1953,pos
5808,Matilda,1996,pos
5809,Fan The,1996,pos
5810,Alaska,1996,pos
5811,Pinocchio,1940,pos
5812,Screamers,1995,pos
5813,Addiction The,1995,neg
5814,Blind Vengeance,1990,neg
5816,Synthetic Pleasures,1995,pos
5817,Pather Panchali,1955,pos
5818,Act of Betrayal,1988,pos
5820,Fan The,1996,pos
5821,Emma,1996,pos
5822,Escape from L.A.,1996,pos
5823,Matilda,1996,pos
5824,Richard III,1995,pos
5825,Kansas City,1996,pos
5826,Destry,1954,pos
5827,Multiplicity,1996,pos
5828,Silent Fall,1994,pos
5829,Time to Kill A,1996,pos
5830,Chain Reaction,1996,neg
5831,Tin Cup,1996,pos
5832,Kansas City,1996,pos
5833,Shes the One,1996,pos
5834,Flipper,1963,neg
5835,Courage Under Fire,1996,pos
5836,Just Cause,1995,pos
5837,Crossing Guard The,1995,pos
5838,Fan The,1996,pos
5839,Bordello of Blood,1996,neg
5840,Basquiat,1996,pos
5841,Fan The,1996,pos
5842,House Arrest,null,neg
5843,Kansas City,1996,pos
5844,Tin Cup,1996,pos
5845,Tin Cup,1996,pos
5846,Waterworld,1995,pos
5847,Tin Cup,1996,neg
5848,Very Brady Sequel A,1996,pos
5849,Natural Born Killers,1994,pos
5850,Jack,1996,pos
5851,Thalassa Thalassa,1994,pos
5852,Island of Dr. Moreau The,1996,pos
5853,Aparajito,1956,pos
5854,By the Sword,1991,pos
5855,Nature of the Beast,1995,neg
5856,Tin Cup,1996,pos
5857,Love Honor & Obey: The Last Mafia Marriage,1993,pos
5858,10 to Midnight,1983,neg
5859,Fan The,1996,pos
5860,Kansas City,1996,pos
5861,Island of Dr. Moreau The,1996,pos
5862,Escape from L.A.,1996,neg
5863,Girl 6,1996,pos
5864,Student Bodies,1981,neg
5865,Fan The,1996,neg
5866,From Dusk Till Dawn,1996,pos
5867,Jing cha gu shi III: Chao ji jing cha,1992,pos
5868,Hong faan kui,1995,pos
5869,Slam Dunk Ernest,1995,neg
5870,Down Periscope,1996,neg
5871,Fan The,1996,pos
5872,Matilda,1996,pos
5873,Undercover Blues,1993,neg
5874,Firm The,1993,pos
5875,Courage Under Fire,1996,pos
5876,Last Voyage The,1960,pos
5877,Girls Town,1996,pos
5878,Trigger Effect The,1996,pos
5879,Bordello of Blood,1996,neg
5880,Tin Cup,1996,neg
5881,Spitfire Grill The,1996,pos
5882,Tin Cup,1996,pos
5883,Shes the One,1996,pos
5884,Nixon,1995,pos
5885,2 Days in the Valley,1996,pos
5886,Island of Dr. Moreau The,1996,neg
5887,Foxfire,1996,pos
5888,Island of Dr. Moreau The,1996,pos
5889,Very Brady Sequel A,1996,pos
5890,Solo,1996,pos
5891,Very Brady Sequel A,1996,pos
5892,Violent Years The,1956,pos
5893,Tell Your Children,1936,pos
5894,Carpool,1996,neg
5895,Shes the One,1996,pos
5896,Trigger Effect The,1996,pos
5897,Nutty Professor The,1996,pos
5899,Fisher King The,1991,pos
5900,JFK,1991,pos
5901,Hamlet,1990,pos
5902,Much Ado About Nothing,1993,pos
5903,Jurassic Park,1993,neg
5904,Searching for Bobby Fischer,1993,pos
5905,Money for Nothing,1993,neg
5906,Joy Luck Club The,1993,pos
5907,Piano The,1993,pos
5908,Dangerous Woman A,1993,pos
5909,Cement Garden The,1993,pos
5910,Backbeat,1993,pos
5911,Carlitos Way,1993,pos
5912,Island of Dr. Moreau The,1996,pos
5913,Island of Dr. Moreau The,1996,pos
5914,Heaven & Earth,1993,pos
5915,Right Stuff The,1983,pos
5916,Island of Dr. Moreau The,1996,pos
5917,Spitfire Grill The,1996,pos
5918,Carpool,1996,pos
5919,Girls Town,1996,pos
5920,Suspect,1987,pos
5921,First Kid,1996,pos
5922,Empire of the Ants,1977,pos
5924,Crow: City of Angels The,1996,pos
5925,Alaska,1996,pos
5926,Twelve Monkeys,1995,pos
5927,Apur Sansar,1959,pos
5928,Crow: City of Angels The,1996,neg
5929,Trigger Effect The,1996,pos
5930,First Kid,1996,pos
5931,Crow: City of Angels The,1996,pos
5932,One Hundred and One Dalmatians,1961,pos
5933,Shes the One,1996,pos
5934,Big Squeeze The,1996,pos
5935,High Wind in Jamaica A,1965,pos
5936,Secrets & Lies,1996,pos
5937,Time to Kill A,1996,pos
5939,Dem deutschen Volke,1996,pos
5940,Bogus,1996,pos
5941,Crow: City of Angels The,1996,pos
5942,Madame Butterfly,1995,pos
5943,Spitfire Grill The,1996,pos
5944,Stupids The,1996,pos
5945,Trigger Effect The,1996,pos
5946,First Kid,1996,pos
5947,Girls Town,1996,pos
5948,Big Squeeze The,1996,pos
5950,Tin Cup,1996,pos
5951,Island of Dr. Moreau The,1996,pos
5952,First Kid,1996,pos
5953,Trigger Effect The,1996,pos
5954,Bogus,1996,pos
5955,Jalsaghar,1958,pos
5956,Bogus,1996,pos
5957,Carpool,1996,pos
5958,Stupids The,1996,pos
5960,King of Comedy The,1983,pos
5961,Bulletproof,1996,pos
5962,Stealing Beauty,1996,pos
5963,Island of Dr. Moreau The,1996,neg
5964,Chain Reaction,1996,neg
5965,Crow: City of Angels The,1996,neg
5966,Spitfire Grill The,1996,pos
5967,Spitfire Grill The,1996,pos
5968,Rendez-vous de Paris Les,1995,pos
5969,American Buffalo,1996,pos
5970,Blind Date,null,pos
5971,American Buffalo,1996,pos
5972,Feeling Minnesota,1996,neg
5973,Bulletproof,1996,pos
5974,Fly Away Home,1996,pos
5975,Manny & Lo,1996,pos
5976,Independence Day,1996,pos
5977,Farewell to Arms A,1957,pos
5981,Carlitos Way,1993,pos
5984,Rich Mans Wife The,1996,pos
5985,Fly Away Home,1996,pos
5986,Carried Away,1996,pos
5987,Phenomenon,1996,pos
5988,Rich Mans Wife The,1996,pos
5989,Trigger Effect The,1996,pos
5990,Fan The,1996,pos
5991,Jing cha gu shi III: Chao ji jing cha,1992,pos
5992,Independence Day,1996,pos
5993,Phenomenon,1996,pos
5994,Hunchback of Notre Dame The,1996,pos
5995,Phantom The,1996,pos
5996,Rock The,1996,pos
5997,Fly Away Home,1996,pos
5998,First Wives Club The,1996,pos
5999,Maximum Risk,1996,neg
6001,Four Rooms,1995,neg
6002,Very Brady Sequel A,1996,pos
6005,Killer: A Journal of Murder,1996,pos
6006,Madame Butterfly,1995,pos
6007,First Wives Club The,1996,pos
6008,Trainspotting,1996,pos
6009,Romeo and Juliet,null,pos
6010,Kissed,1996,pos
6011,American Buffalo,1996,pos
6012,Grace of My Heart,1996,pos
6013,Twelfth Night: Or What You Will,1996,pos
6014,Bastard Out of Carolina,1996,pos
6015,Feeling Minnesota,1996,pos
6016,Grace of My Heart,1996,pos
6017,Maximum Risk,1996,pos
6018,Rich Mans Wife The,1996,pos
6019,Extreme Measures,1996,pos
6020,Feeling Minnesota,1996,pos
6021,Maximum Risk,1996,pos
6022,Last Man Standing,1996,pos
6023,Nuns Story The,1959,pos
6024,Heart Like a Wheel,1983,pos
6025,First Wives Club The,1996,pos
6026,Breathing Lessons,1994,pos
6027,Curdled,1996,pos
6028,Manny & Lo,1996,pos
6029,Fly Away Home,1996,pos
6030,Hong fen,1994,pos
6031,Amator,1979,pos
6032,Girls Town,1996,pos
6033,Bez konca,1985,pos
6034,Maximum Risk,1996,pos
6035,Last Man Standing,1996,neg
6036,Trainspotting,1996,pos
6037,American Buffalo,1996,pos
6038,Grace of My Heart,1996,pos
6039,Paper The,1994,pos
6041,Glory Daze,1996,pos
6042,Grace of My Heart,1996,pos
6043,Grace of My Heart,1996,pos
6044,First Wives Club The,1996,pos
6045,First Wives Club The,1996,neg
6046,Maximum Risk,1996,neg
6047,Basquiat,1996,pos
6048,2 Days in the Valley,1996,pos
6049,First Wives Club The,1996,pos
6050,Kids in the Hall: Brain Candy,1996,pos
6051,Fly Away Home,1996,pos
6052,Independence Day,1996,pos
6053,Last Man Standing,1996,pos
6055,Extreme Measures,1996,pos
6056,Synthetic Pleasures,1995,pos
6057,First Wives Club The,1996,pos
6058,Last Man Standing,1996,pos
6059,Small Faces,1996,pos
6060,Wyatt Earp,1994,pos
6061,Feeling Minnesota,1996,neg
6062,Emma,1996,pos
6063,Nico Icon,1995,pos
6064,Last Man Standing,1996,neg
6065,Quest The,1996,pos
6066,Time to Kill A,1996,pos
6068,Extreme Measures,1996,pos
6069,Things to Do in Denver When Youre Dead,1995,pos
6070,2 Days in the Valley,1996,neg
6071,Feeling Minnesota,1996,neg
6072,Big Night,1996,pos
6073,Small Faces,1996,pos
6074,Bewegte Mann Der,1994,pos
6075,Grace of My Heart,1996,pos
6076,Last Man Standing,1996,neg
6078,Eds Next Move,1996,pos
6079,Trainspotting,1996,pos
6080,Homme sur les quais L,1993,pos
6081,Citizen Kane,1941,pos
6082,Cook the Thief His Wife & Her Lover The,1989,pos
6083,Eds Next Move,1996,pos
6084,Bound,1996,pos
6085,Eds Next Move,1996,pos
6086,Curdled,1996,pos
6087,That Thing You Do!,1996,pos
6089,2 Days in the Valley,1996,pos
6090,Extreme Measures,1996,pos
6091,Rich Mans Wife The,1996,pos
6092,Small Wonders,1996,pos
6093,Rich Mans Wife The,1996,pos
6094,Big Night,1996,pos
6095,Big Night,1996,pos
6096,Infinity,1996,pos
6097,2 Days in the Valley,1996,pos
6098,Big Night,1996,pos
6099,Extreme Measures,1996,pos
6100,Secrets & Lies,1996,pos
6101,Flirt,null,pos
6102,Surviving Picasso,1996,pos
6103,Sweet Nothing,1996,pos
6104,Secrets & Lies,1996,pos
6105,Fly Away Home,1996,pos
6106,That Thing You Do!,1996,pos
6107,Paradise Lost: The Child Murders at Robin Hood Hills,1996,pos
6108,Secrets & Lies,1996,pos
6110,That Thing You Do!,1996,pos
6111,Bound,1996,pos
6112,That Thing You Do!,1996,pos
6113,Nuovo cinema Paradiso,1988,pos
6114,Days of Heaven,1978,pos
6115,That Thing You Do!,1996,pos
6116,2 Days in the Valley,1996,pos
6117,Associate The,1996,pos
6118,Bound,1996,pos
6119,That Thing You Do!,1996,pos
6120,Bound,1996,neg
6121,Leopard Son The,1996,pos
6123,That Thing You Do!,1996,pos
6124,Swingers,1996,pos
6125,Schlafes Bruder,1995,pos
6126,Curdled,1996,pos
6127,Glimmer Man The,1996,neg
6128,Mystery Science Theater 3000: The Movie,1996,pos
6129,Bound,1996,pos
6130,Infinity,1996,pos
6131,Long Kiss Goodnight The,1996,pos
6132,Long Kiss Goodnight The,1996,neg
6133,First Wives Club The,1996,pos
6134,That Thing You Do!,1996,pos
6135,Ghost and the Darkness The,1996,neg
6136,Perfect Candidate A,1996,pos
6137,Tales of Hoffmann,1951,pos
6138,Paradise Lost: The Child Murders at Robin Hood Hills,1996,pos
6139,Long Kiss Goodnight The,1996,neg
6140,Looking for Richard,1996,pos
6141,Trees Lounge,1996,pos
6142,Giant,1956,pos
6144,Surviving Picasso,1996,pos
6145,Substance of Fire The,1996,pos
6146,Leopard Son The,1996,pos
6148,Big Night,1996,pos
6149,Big Night,1996,pos
6150,Gun Smith Cats,1995,neg
6151,Bound,1996,pos
6152,Big Night,1996,pos
6153,Chamber The,1996,pos
6154,Entertaining Angels: The Dorothy Day Story,1996,pos
6155,Ghost and the Darkness The,1996,pos
6156,Grass Harp The,1995,pos
6157,Paradise Lost: The Child Murders at Robin Hood Hills,1996,pos
6158,Rendez-vous de Paris Les,1995,pos
6159,Unhook the Stars,1996,pos
6160,Extreme Measures,1996,pos
6161,Trap The,1966,pos
6162,Surviving Picasso,1996,pos
6163,Shine,1996,pos
6164,Sleepers,1996,pos
6165,Girls Town,1996,pos
6166,Sleepers,1996,pos
6167,Shining The,1980,pos
6168,Palookaville,1996,pos
6169,Long Kiss Goodnight The,1996,pos
6170,That Thing You Do!,1996,pos
6171,Ghost and the Darkness The,1996,pos
6172,Get on the Bus,1996,pos
6174,Michael Collins,1996,pos
6175,Swingers,1996,pos
6176,Screamers,1995,neg
6178,Associate The,1996,pos
6179,Sleepers,1996,pos
6180,Caught,1996,pos
6181,That Thing You Do!,1996,pos
6182,Extreme Measures,1996,pos
6183,Infinity,1996,pos
6184,Unforgettable,1996,pos
6185,First Wives Club The,1996,pos
6186,Ridicule,1996,pos
6187,Bound,1996,pos
6188,Chamber The,1996,pos
6189,Trees Lounge,1996,pos
6190,Trees Lounge,1996,neg
6191,To Gillian on Her 37th Birthday,1996,pos
6192,Crash,1996,pos
6193,Trees Lounge,1996,pos
6194,Michael Collins,1996,pos
6195,Looking for Richard,1996,pos
6196,Roberta,1935,pos
6197,Michael Collins,1996,pos
6198,Twelfth Night: Or What You Will,1996,pos
6199,Get on the Bus,1996,pos
6200,To Gillian on Her 37th Birthday,1996,pos
6201,High School High,1996,pos
6202,Jude,1996,pos
6203,Big Night,1996,pos
6204,Matilda,1996,pos
6205,Ghost and the Darkness The,1996,pos
6206,Small Wonders,1996,pos
6207,That Thing You Do!,1996,pos
6208,Thinner,1996,pos
6209,Surviving Picasso,1996,pos
6210,Perla La,1947,pos
6211,Michael Collins,1996,pos
6212,Caught,1996,pos
6213,High School High,1996,neg
6214,Mother Night,1996,pos
6215,Twelfth Night: Or What You Will,1996,pos
6216,Jude,1996,pos
6217,Dear God,1996,neg
6218,Proprietor The,1996,pos
6219,Institute Benjamenta or This Dream People Call Human Life,1995,pos
6220,Vertigo,1958,pos
6221,Heavy,1995,pos
6222,American Buffalo,1996,pos
6223,Trees Lounge,1996,pos
6224,Secrets & Lies,1996,pos
6226,Romeo + Juliet,1996,pos
6227,Jude,1996,pos
6228,Hamster Factor and Other Tales of Twelve Monkeys The,1996,pos
6229,High School High,1996,pos
6230,Mother Night,1996,pos
6231,Made in America,1993,pos
6232,Thinner,1996,pos
6233,Midnight Clear A,1991,pos
6234,Lovemaster The,1997,pos
6235,Thinner,1996,pos
6236,Dear God,1996,pos
6238,Get on the Bus,1996,pos
6239,Ghost and the Darkness The,1996,neg
6240,Sleepers,1996,pos
6241,Romeo + Juliet,1996,pos
6242,Sleepers,1996,pos
6243,Breaking the Waves,1996,pos
6244,Secret Agent The,1996,pos
6245,Cable Guy The,1996,pos
6246,Faithful,1996,pos
6247,Craft The,1996,neg
6248,Last Man Standing,1996,pos
6249,Crash,1996,neg
6250,Braveheart,1995,pos
6251,That Thing You Do!,1996,pos
6252,Surviving Picasso,1996,pos
6253,Long Kiss Goodnight The,1996,pos
6254,Felony,1995,neg
6255,Ghost and the Darkness The,1996,pos
6256,That Thing You Do!,1996,pos
6257,Chamber The,1996,pos
6258,Looking for Richard,1996,pos
6259,Death on the Nile,1978,pos
6260,Sleepers,1996,pos
6261,Big Night,1996,pos
6263,Ghost and the Darkness The,1996,pos
6264,Swingers,1996,pos
6265,Bogus,1996,pos
6266,Rich Mans Wife The,1996,neg
6267,Sleepers,1996,pos
6268,First Wives Club The,1996,pos
6269,Ghost and the Darkness The,1996,pos
6270,Twelfth Night: Or What You Will,1996,pos
6271,Bad Moon,1996,pos
6272,Schlafes Bruder,1995,pos
6273,Dear God,1996,neg
6274,Funeral The,1996,pos
6275,Jude,1996,pos
6276,Larger Than Life,1996,pos
6277,Romeo + Juliet,1996,pos
6278,Thinner,1996,pos
6279,Looking for Richard,1996,pos
6280,Funeral The,1996,pos
6281,Romeo + Juliet,1996,pos
6282,Michael Collins,1996,pos
6283,Swingers,1996,pos
6284,Long Kiss Goodnight The,1996,pos
6285,Larger Than Life,1996,neg
6286,Shes the One,1996,pos
6287,Phenomenon,1996,pos
6288,Time to Kill A,1996,pos
6289,Twelfth Night: Or What You Will,1996,pos
6290,Sling Blade,1996,pos
6291,Michael Collins,1996,pos
6292,Funeral The,1996,pos
6293,Sleepers,1996,pos
6294,That Thing You Do!,1996,pos
6295,Navigator: A Mediaeval Odyssey The,1988,pos
6296,Richard III,1954,pos
6297,Larger Than Life,1996,pos
6298,Larger Than Life,1996,pos
6299,Romeo + Juliet,1996,pos
6300,Caught,1996,pos
6301,To Gillian on Her 37th Birthday,1996,pos
6302,Ransom,1996,pos
6303,Romeo + Juliet,1996,pos
6305,Ransom,1996,pos
6307,Set It Off,1996,pos
6308,Ransom,1996,pos
6310,Mirror Has Two Faces The,1996,pos
6311,Shine,1996,pos
6312,Romeo + Juliet,1996,pos
6313,Set It Off,1996,neg
6314,Romeo + Juliet,1996,pos
6315,Michael Collins,1996,pos
6316,Every Time We Say Goodbye,1986,pos
6317,Mad Dog Time,1996,pos
6318,CrissCross,1992,pos
6319,Ransom,1996,pos
6320,Ransom,1996,neg
6321,Ransom,1996,pos
6322,Albino Alligator,1996,pos
6323,War at Home The,1996,pos
6324,Courage Under Fire,1996,pos
6325,Breaking the Waves,1996,pos
6326,Microcosmos: Le peuple de lherbe,1996,pos
6327,Ransom,1996,pos
6329,Ransom,1996,pos
6330,Mother Night,1996,pos
6331,Shine,1996,pos
6332,Belstone Fox The,1973,pos
6334,Mirror Has Two Faces The,1996,pos
6335,Ridicule,1996,pos
6336,Heavy,1995,pos
6337,Space Jam,1996,pos
6338,English Patient The,1996,pos
6339,Doom Generation The,1995,pos
6340,Mother Night,1996,pos
6341,Mother,null,pos
6342,Mirror Has Two Faces The,1996,pos
6343,English Patient The,1996,pos
6344,Breaking the Waves,1996,pos
6345,Henry V,1989,pos
6346,Jude,1996,pos
6347,Hype!,1996,pos
6348,Day the Earth Stood Still The,1951,pos
6349,Brazil,1985,pos
6350,Space Jam,1996,neg
6351,Whole Wide World The,1996,pos
6352,Hackers,1995,pos
6353,Usual Suspects The,1995,pos
6354,English Patient The,1996,pos
6355,Virtuosity,1995,pos
6356,Madagascar Skin,1995,pos
6357,Mirror Has Two Faces The,1996,pos
6358,Space Jam,1996,pos
6359,Dead Heart,1996,pos
6361,Space Jam,1996,pos
6362,Looking for Richard,1996,pos
6363,Mirror Has Two Faces The,1996,pos
6364,Sling Blade,1996,pos
6365,Breaking the Waves,1996,pos
6366,English Patient The,1996,pos
6367,Romeo + Juliet,1996,pos
6368,Funeral The,1996,pos
6369,Lone Star,1996,pos
6370,Ransom,1996,pos
6371,Breaking the Waves,1996,pos
6372,Mirror Has Two Faces The,1996,pos
6376,101 Dalmatians,1996,neg
6377,Bisbetica domata La,1967,pos
6378,Rupan sansei: Kariosutoro no shiro,1979,pos
6379,Tromeo and Juliet,1996,pos
6380,Im Not Rappaport,1996,pos
6381,Star Trek: First Contact,1996,pos
6382,Shigatsu kaidan,1988,pos
6383,Star Trek: First Contact,1996,pos
6384,Long Kiss Goodnight The,1996,pos
6385,Daylight,1996,pos
6386,Jingle All the Way,1996,pos
6387,White Hunter Black Heart,1990,pos
6388,Space Jam,1996,pos
6389,Star Trek: First Contact,1996,pos
6390,Star Trek: First Contact,1996,pos
6391,Star Trek: First Contact,1996,pos
6392,Star Trek: First Contact,1996,pos
6393,Star Trek: First Contact,1996,pos
6394,Everyone Says I Love You,1996,pos
6395,English Patient The,1996,pos
6396,Von Ryans Express,1965,pos
6397,Jingle All the Way,1996,pos
6398,Star Trek: First Contact,1996,pos
6399,Vertigo,1958,pos
6400,Star Trek: First Contact,1996,pos
6401,Microcosmos: Le peuple de lherbe,1996,pos
6402,Star Trek: First Contact,1996,pos
6403,Star Trek: First Contact,1996,pos
6404,Enemy Below The,1957,pos
6405,Star Trek: First Contact,1996,pos
6407,Queen of Outer Space,1958,pos
6408,Loch Ness,1995,pos
6409,Jingle All the Way,1996,pos
6410,Plein soleil,1960,pos
6411,Jingle All the Way,1996,pos
6412,101 Dalmatians,1996,neg
6413,Im Not Rappaport,1996,pos
6414,Star Trek: First Contact,1996,pos
6415,Jingle All the Way,1996,neg
6416,Crucible The,1996,pos
6417,Macbeth,1971,pos
6418,Zusje,1996,pos
6419,Feiying gaiwak,1990,pos
6420,Giardino dei Finzi-Contini Il,1970,pos
6421,Railway Children The,1970,pos
6422,Jingle All the Way,1996,pos
6423,English Patient The,1996,pos
6424,Ransom,1996,pos
6425,Equus,1977,pos
6426,Star Trek: First Contact,1996,pos
6427,English Patient The,1996,pos
6428,Pillow Book The,1996,pos
6429,Star Trek: First Contact,1996,pos
6430,Star Trek: First Contact,1996,pos
6431,Star Trek: First Contact,1996,pos
6432,Star Trek: First Contact,1996,pos
6433,101 Dalmatians,1996,pos
6434,Hardware,1990,pos
6435,Santa Clause The,1994,pos
6436,Fille seule La,1995,pos
6437,Secrets & Lies,1996,pos
6438,Mars Attacks!,1996,pos
6439,Lassie Come Home,1943,pos
6440,Crucible The,1996,pos
6441,Mars Attacks!,1996,pos
6442,101 Dalmatians,1996,neg
6443,Vertigo,1958,pos
6444,Citizen Ruth,1996,pos
6445,Star Trek: First Contact,1996,pos
6446,Star Trek: First Contact,1996,pos
6447,English Patient The,1996,pos
6448,Duel,null,pos
6449,Swimmer The,1968,pos
6450,Strange Days,1995,pos
6451,Breaking the Waves,1996,pos
6452,Star Trek: First Contact,1996,pos
6453,English Patient The,1996,pos
6454,101 Dalmatians,1996,pos
6455,Star Trek: First Contact,1996,pos
6456,Star Trek: First Contact,1996,pos
6457,Paradise Lost: The Child Murders at Robin Hood Hills,1996,pos
6458,Portrait of a Lady The,1996,pos
6459,Mars Attacks!,1996,pos
6460,Evening Star The,1996,pos
6461,Strange Days,1995,pos
6462,101 Dalmatians,1996,neg
6463,Star Trek: First Contact,1996,pos
6464,Wild Bunch The,1969,pos
6465,Die xue jie tou,1990,pos
6466,English Patient The,1996,pos
6467,Preachers Wife The,1996,pos
6468,Leningrad Cowboys Go America,1989,pos
6469,Maboroshi no hikari,1995,pos
6470,Im Not Rappaport,1996,pos
6471,Some Mothers Son,1996,pos
6472,One Fine Day,1996,pos
6473,Paradise Lost: The Child Murders at Robin Hood Hills,1996,pos
6474,Preachers Wife The,1996,pos
6475,Microcosmos: Le peuple de lherbe,1996,pos
6476,Star Trek: First Contact,1996,pos
6477,Daylight,1996,pos
6478,Beavis and Butt-head Do America,1996,pos
6479,Daylight,1996,pos
6480,Clueless,1995,pos
6481,Preachers Wife The,1996,pos
6482,Daylight,1996,pos
6484,Daylight,1996,pos
6485,My Fellow Americans,1996,pos
6486,Preachers Wife The,1996,pos
6487,Nightmare Before Christmas The,1993,pos
6488,Daylight,1996,pos
6489,Jerry Maguire,1996,pos
6490,Daylight,1996,pos
6491,Daylight,1996,pos
6492,Mars Attacks!,1996,neg
6493,Daylight,1996,neg
6494,Mars Attacks!,1996,pos
6495,My Fellow Americans,1996,neg
6496,When We Were Kings,1996,pos
6497,Half-Cocked,1994,pos
6498,Tommy Boy,1995,neg
6499,Mars Attacks!,1996,pos
6500,Daylight,1996,pos
6502,Twelve Monkeys,1995,pos
6503,Mars Attacks!,1996,pos
6504,Hamlet,1996,pos
6505,Mars Attacks!,1996,pos
6506,Everyone Says I Love You,1996,pos
6507,Star Trek: First Contact,1996,pos
6508,Star Trek: First Contact,1996,pos
6509,Jerry Maguire,1996,pos
6510,Scream,1996,pos
6511,Adrenalin: Fear the Rush,1996,neg
6512,Everyone Says I Love You,1996,pos
6513,Ghosts of Mississippi,1996,pos
6514,Jerry Maguire,1996,pos
6515,My Fellow Americans,1996,pos
6516,One Fine Day,1996,pos
6517,Mars Attacks!,1996,pos
6518,Preachers Wife The,1996,pos
6519,One Magic Christmas,1985,neg
6520,Santa Clause The,1994,pos
6521,Silent Night Deadly Night,1984,pos
6522,Mars Attacks!,1996,pos
6523,Mars Attacks!,1996,pos
6524,Shine,1996,pos
6525,Mars Attacks!,1996,pos
6526,English Patient The,1996,pos
6527,Mars Attacks!,1996,pos
6528,Breathing Room,1996,pos
6529,One Fine Day,1996,pos
6530,My Fellow Americans,1996,pos
6531,Jerry Maguire,1996,pos
6532,Mars Attacks!,1996,pos
6533,Jerry Maguire,1996,pos
6534,Mars Attacks!,1996,pos
6535,My Fellow Americans,1996,pos
6536,Mars Attacks!,1996,pos
6537,Hamlet,1996,pos
6538,Beavis and Butt-head Do America,1996,pos
6539,Mars Attacks!,1996,pos
6540,Portrait of a Lady The,1996,pos
6541,Looking for Richard,1996,pos
6542,Shine,1996,pos
6543,Preachers Wife The,1996,pos
6544,Jerry Maguire,1996,pos
6545,Ghosts of Mississippi,1996,pos
6546,Giardino dei Finzi-Contini Il,1970,pos
6547,Shine,1996,pos
6548,Evening Star The,1996,neg
6549,Crucible The,1996,pos
6550,Beavis and Butt-head Do America,1996,neg
6551,Star Trek: First Contact,1996,pos
6552,Beavis and Butt-head Do America,1996,pos
6553,Daylight,1996,pos
6554,Crucible The,1996,pos
6555,Beavis and Butt-head Do America,1996,pos
6556,Scream,1996,pos
6557,My Fellow Americans,1996,pos
6558,Jerry Maguire,1996,pos
6559,People vs. Larry Flynt The,1996,pos
6560,Beavis and Butt-head Do America,1996,pos
6561,Evita,1996,pos
6562,When We Were Kings,1996,pos
6563,My Fellow Americans,1996,pos
6566,Miracle on 34th Street,1947,pos
6567,Michael,1996,pos
6568,How the Grinch Stole Christmas!,1966,pos
6569,Evita,1996,pos
6570,Twelfth Night: Or What You Will,1996,pos
6571,Crucible The,1996,pos
6572,Mars Attacks!,1996,pos
6573,Ridicule,1996,pos
6574,Preachers Wife The,1996,pos
6575,Mother,null,pos
6576,Jerry Maguire,1996,pos
6577,Breaking the Waves,1996,pos
6578,Shine,1996,pos
6579,Scream,1996,pos
6580,Prancer,1989,pos
6581,Evening Star The,1996,pos
6582,Its a Wonderful Life,1946,pos
6583,People vs. Larry Flynt The,1996,pos
6584,English Patient The,1996,pos
6585,Scream,1996,pos
6586,Touch,null,pos
6587,Before and After,1996,pos
6588,Life with Father,1947,pos
6589,Three Musketeers The,1948,pos
6590,Evening Star The,1996,pos
6591,Hamlet,1996,pos
6592,Michael,1996,pos
6593,Mother,null,pos
6597,One Fine Day,1996,pos
6598,Mother,null,pos
6599,Whole Wide World The,1996,pos
6600,Beavis and Butt-head Do America,1996,pos
6601,Scream,1996,pos
6602,One Fine Day,1996,pos
6603,Michael,1996,pos
6604,Hamlet,1996,pos
6605,Nesut menya koni,1996,pos
6606,Road to the End of the World The,1996,pos
6607,Vozvrascheniye bronenostsa,1996,pos
6608,Yekhai,1995,pos
6609,Baryshnya-krestyanka,1995,pos
6610,Revizor,1996,pos
6612,Old Yeller,1957,pos
6613,Ghosts of Mississippi,1996,pos
6614,People vs. Larry Flynt The,1996,pos
6615,People vs. Larry Flynt The,1996,pos
6616,Shine,1996,pos
6617,People vs. Larry Flynt The,1996,pos
6618,To Kill a Mockingbird,1962,pos
6619,Hamlet,1996,pos
6620,Michael,1996,pos
6621,My Fellow Americans,1996,pos
6622,Jerry Maguire,1996,pos
6623,Evening Star The,1996,pos
6624,Preachers Wife The,1996,pos
6625,Jerry Maguire,1996,pos
6626,Secrets & Lies,1996,pos
6627,Jerry Maguire,1996,pos
6628,Breaking the Waves,1996,pos
6629,Microcosmos: Le peuple de lherbe,1996,pos
6630,Portrait of a Lady The,1996,pos
6631,Michael,1996,pos
6632,Star Trek: First Contact,1996,pos
6633,Macross Plus,1994,pos
6634,Beavis and Butt-head Do America,1996,neg
6635,Marvins Room,1996,pos
6636,Fluke,1995,pos
6637,One Fine Day,1996,pos
6638,Beautiful Girls,1996,pos
6639,Sindrome di Stendhal La,1996,pos
6640,1941,1979,pos
6641,Radioland Murders,1994,pos
6642,Whole Wide World The,1996,pos
6643,Inside,1996,pos
6644,Sound of Music The,1965,pos
6645,One Fine Day,1996,pos
6646,Whole Wide World The,1996,pos
6647,Swingers,1996,pos
6648,People vs. Larry Flynt The,1996,pos
6649,Glimmer Man The,1996,neg
6650,Jing cha gu shi IV: Jian dan ren wu,1996,pos
6651,Clerks,1994,pos
6652,Evita,1996,pos
6653,Maximum Risk,1996,pos
6654,2 Days in the Valley,1996,neg
6655,Ridicule,1996,pos
6656,Ghosts of Mississippi,1996,pos
6657,People vs. Larry Flynt The,1996,pos
6658,Beautiful Thing,1996,pos
6659,Palookaville,1996,pos
6660,Jing cha gu shi IV: Jian dan ren wu,1996,pos
6661,Ghosts of Mississippi,1996,pos
6662,Marvins Room,1996,pos
6663,Ghosts of Mississippi,1996,pos
6664,Trois vies et une seule mort,1996,pos
6665,Some Mothers Son,1996,pos
6666,Hamlet,1996,pos
6667,Turbulence,1997,pos
6668,Bronx Tale A,1993,pos
6669,Thin Line Between Love and Hate A,1996,neg
6670,Death Becomes Her,1992,pos
6671,Defending Your Life,1991,pos
6672,Crucible The,1996,pos
6673,Evita,1996,pos
6674,Secrets & Lies,1996,pos
6675,Mother,null,pos
6677,Independence Day,1996,pos
6678,Relic The,1997,neg
6679,People vs. Larry Flynt The,1996,pos
6680,Marvins Room,1996,pos
6681,Mars Attacks!,1996,pos
6682,Crucible The,1996,pos
6683,Evita,1996,pos
6684,Evita,1996,pos
6685,Relic The,1997,neg
6686,Mars Attacks!,1996,pos
6687,Turbulence,1997,pos
6688,One Fine Day,1996,pos
6689,Beavis and Butt-head Do America,1996,neg
6690,Fast Times at Ridgemont High,1982,pos
6691,Fear,1996,pos
6692,Grease,1978,pos
6693,High School High,1996,neg
6694,Let It Be,1970,pos
6695,Long Kiss Goodnight The,1996,pos
6696,Jerry Maguire,1996,pos
6697,Michael,1996,pos
6698,Oliver & Company,1988,pos
6699,Scream,1996,pos
6700,I Shot Andy Warhol,1996,pos
6701,Witness,1985,pos
6702,Evita,1996,neg
6703,High Road,1996,pos
6704,Hamlet,1996,pos
6705,Turbulence,1997,pos
6706,Jing cha gu shi IV: Jian dan ren wu,1996,pos
6707,Kolya,1996,pos
6708,Marvins Room,1996,pos
6709,People vs. Larry Flynt The,1996,pos
6710,Relic The,1997,neg
6711,Turbulence,1997,neg
6712,Relic The,1997,pos
6713,Evita,1996,pos
6714,Evita,1996,neg
6716,Evita,1996,pos
6717,Everyone Says I Love You,1996,pos
6718,Land Before Time IV: Journey Through the Mists The,1996,pos
6719,Portrait of a Lady The,1996,pos
6720,Johns,1996,pos
6721,Metro,1997,neg
6722,Metro,1997,neg
6724,Metro,1997,pos
6725,Shine,1996,pos
6726,Michael,1996,pos
6727,Evening Star The,1996,pos
6728,Evita,1996,pos
6729,Beavis and Butt-head Do America,1996,pos
6730,Portrait of a Lady The,1996,pos
6731,Metro,1997,neg
6732,Man Who Haunted Himself The,1970,pos
6733,Giardino dei Finzi-Contini Il,1970,pos
6734,Jaya Ganga,1996,pos
6735,Angel Baby,null,pos
6736,People vs. Larry Flynt The,1996,pos
6737,Portrait of a Lady The,1996,pos
6738,Crucible The,1996,pos
6739,Turbulence,1997,neg
6740,Citizen Ruth,1996,pos
6741,Some Mothers Son,1996,pos
6742,People vs. Larry Flynt The,1996,pos
6743,Jing cha gu shi IV: Jian dan ren wu,1996,pos
6744,Kid in King Arthurs Court A,1995,pos
6745,Michael,1996,pos
6746,Metro,1997,pos
6747,Beverly Hills Ninja,1997,pos
6748,Im Not Rappaport,1996,pos
6749,Metro,1997,pos
6750,Portrait of a Lady The,1996,pos
6751,Metro,1997,neg
6752,Kolya,1996,pos
6753,People vs. Larry Flynt The,1996,pos
6754,In Love and War,1997,pos
6755,Mother,null,pos
6756,Metro,1997,pos
6757,People vs. Larry Flynt The,1996,pos
6758,Frighteners The,1996,pos
6759,Evita,1996,pos
6760,Ridicule,1996,pos
6761,Laura,1944,pos
6762,Microcosmos: Le peuple de lherbe,1996,pos
6763,Fierce Creatures,1997,neg
6764,In Love and War,1997,pos
6765,Fierce Creatures,1997,pos
6766,Robinson in Space,1997,pos
6767,Fierce Creatures,1997,pos
6769,Prefontaine,1997,pos
6770,Twelfth Night: Or What You Will,1996,pos
6771,Shine,1996,pos
6772,Prefontaine,1997,pos
6773,Some Mothers Son,1996,pos
6774,Frighteners The,1996,pos
6775,Shine,1996,pos
6776,Voleurs Les,1996,pos
6778,Gridlockd,1997,pos
6779,Albino Alligator,1996,pos
6780,Volcano: Fire on the Mountain,1997,pos
6781,Gate gate paragate,1996,pos
6782,Star Wars,1977,pos
6783,Prefontaine,1997,pos
6784,In Love and War,1997,pos
6785,Albino Alligator,1996,pos
6786,Fierce Creatures,1997,pos
6787,Jing cha gu shi IV: Jian dan ren wu,1996,pos
6788,Fierce Creatures,1997,pos
6789,Hamlet,1996,pos
6790,Mother,null,pos
6791,Voleurs Les,1996,pos
6792,Whole Wide World The,1996,pos
6793,Mother,null,pos
6794,Unhook the Stars,1996,pos
6795,Microcosmos: Le peuple de lherbe,1996,pos
6796,Jing cha gu shi IV: Jian dan ren wu,1996,pos
6798,Big Night,1996,pos
6799,Killer: A Journal of Murder,1996,pos
6801,Funeral The,1996,pos
6802,Secrets & Lies,1996,pos
6810,Sleepers,1996,pos
6811,Some Mothers Son,1996,pos
6812,Shine,1996,pos
6813,Evita,1996,pos
6814,Shadow Conspiracy,1997,neg
6815,Gridlockd,1997,pos
6817,Johns,1996,pos
6818,Gridlockd,1997,pos
6819,Jing cha gu shi IV: Jian dan ren wu,1996,pos
6820,Relic The,1997,pos
6821,Shadow Conspiracy,1997,pos
6823,Shadow Conspiracy,1997,pos
6824,Fierce Creatures,1997,pos
6825,Hotel de Love,1996,pos
6826,Star Wars,1977,pos
6829,Star Wars,1977,pos
6830,Meet Wally Sparks,1997,pos
6832,Star Wars,1977,pos
6833,Turbulence,1997,neg
6834,Everyone Says I Love You,1996,pos
6835,Everyone Says I Love You,1996,pos
6836,Star Wars,1977,pos
6837,World the Flesh and the Devil The,1959,pos
6839,Changing Habits,1997,pos
6840,Star Wars,1977,pos
6841,Meet Wally Sparks,1997,pos
6842,Shadow Conspiracy,1997,pos
6843,Breaking the Waves,1996,pos
6844,Kolya,1996,pos
6845,Everyone Says I Love You,1996,pos
6846,Crucible The,1996,pos
6850,Relic The,1997,pos
6851,Gridlockd,1997,pos
6852,Never Again Forever,1997,pos
6853,Blossom Time,1997,pos
6854,Casino,1995,pos
6855,Arrival The,1996,pos
6857,Beverly Hills Ninja,1997,neg
6858,Hamlet,1996,pos
6860,In Love and War,1997,pos
6861,Star Wars,1977,pos
6862,Stand Tall,1997,pos
6863,Clara Hakedosha,1996,pos
6864,Ruth Orkin: Frames of Life,1997,pos
6865,Closest Thing to Heaven The,1996,neg
6866,Shadow Conspiracy,1997,pos
6871,Herberts Hippopotamus,1996,pos
6874,Star Wars,1977,pos
6875,Zui quan,1979,pos
6876,Carried Away,1996,pos
6877,Beautician and the Beast The,1997,pos
6878,In Love and War,1997,pos
6879,Dantes Peak,1997,pos
6880,Dantes Peak,1997,pos
6881,Transformers: The Movie The,1986,pos
6882,Hsiao chuan yi chao,1979,pos
6884,All Men Are Liars,1995,pos
6885,Chorus of Disapproval A,1988,pos
6886,Star Wars,1977,pos
6887,Mother,null,pos
6888,Strange Brew,1983,neg
6889,Dawn of the Dead,1978,pos
6890,Ransom,1996,neg
6891,Wild Bunch: An Album in Montage The,1996,pos
6892,Sling Blade,1996,pos
6893,Wild Bill: Hollywood Maverick,1996,pos
6894,Absolute Power,1997,pos
6895,Portrait of a Lady The,1996,pos
6896,Crucible The,1996,pos
6897,Women Without Implants,1997,neg
6898,Gridlockd,1997,pos
6899,Last Exit to Brooklyn,1989,pos
6900,Jerusalem,1996,pos
6901,Unhook the Stars,1996,pos
6902,Everyone Says I Love You,1996,pos
6903,Taking on the Kennedys,1996,pos
6904,Riding the Rails,1997,pos
6905,Beautician and the Beast The,1997,pos
6906,Dantes Peak,1997,pos
6907,Riget,1994,pos
6908,When We Were Kings,1996,pos
6909,Beautician and the Beast The,1997,pos
6910,Dantes Peak,1997,pos
6911,Everyone Says I Love You,1996,pos
6912,Pest The,1997,neg
6913,SubUrbia,1997,pos
6915,Beautician and the Beast The,1997,pos
6916,Living Daylights The,1987,pos
6917,Dantes Peak,1997,pos
6918,Beverly Hills Ninja,1997,neg
6919,Dantes Peak,1997,pos
6920,English Patient The,1996,pos
6921,SubUrbia,1997,pos
6922,Margarets Museum,1995,pos
6923,Romeo + Juliet,1996,pos
6924,Chain Reaction,1996,pos
6925,Fools Rush In,1997,pos
6926,Welcome to the Dollhouse,1995,pos
6927,Sling Blade,1996,pos
6928,Fools Rush In,1997,pos
6929,Dangerous Ground,1997,pos
6930,Rosewood,1997,pos
6931,When We Were Kings,1996,pos
6932,That Darn Cat,1997,pos
6933,Manchurian Candidate The,1962,pos
6934,Trees Lounge,1996,pos
6935,Vegas Vacation,1997,pos
6936,Absolute Power,1997,pos
6937,Meet Wally Sparks,1997,pos
6938,Pest The,1997,neg
6939,Blood and Wine,1997,pos
6940,That Darn Cat,1997,neg
6941,That Darn Cat!,1965,pos
6942,Fools Rush In,1997,pos
6944,Au revoir les enfants,1987,pos
6945,Urga,1991,pos
6946,Touch,null,pos
6947,SubUrbia,1997,pos
6948,Fools Rush In,1997,pos
6949,Empire Strikes Back The,1980,pos
6950,Dangerous Ground,1997,pos
6951,Touch,null,pos
6953,Absolute Power,1997,pos
6955,Dantes Peak,1997,pos
6956,Smillas Sense of Snow,1997,pos
6957,Everyone Says I Love You,1996,pos
6958,Cosi,1996,pos
6959,Vegas Vacation,1997,neg
6960,Fargo,1996,pos
6961,Boot Das,1981,pos
6962,Absolute Power,1997,pos
6963,Escape from L.A.,1996,pos
6964,Sweet Sweetbacks Baadasssss Song,1971,pos
6965,Trees Lounge,1996,pos
6966,Blood and Wine,1997,pos
6967,Absolute Power,1997,pos
6968,Everyone Says I Love You,1996,pos
6969,Jerry Maguire,1996,neg
6970,Scream,1996,neg
6971,Rosewood,1997,pos
6972,White Dog,1982,pos
6973,Catch-22,1970,pos
6974,Absolute Power,1997,pos
6975,L5: First City in Space,1996,pos
6976,Rosewood,1997,pos
6977,Heavens Gate,1980,pos
6978,Sydney,1996,pos
6979,Empire Strikes Back The,1980,pos
6980,Big Squeeze The,1996,pos
6981,Emma,1996,pos
6982,Fierce Creatures,1997,pos
6983,Vegas Vacation,1997,neg
6984,Freeway,1996,pos
6986,Absolute Power,1997,neg
6987,Sling Blade,1996,pos
6989,Waiting for Guffman,1996,pos
6990,Scream,1996,pos
6991,Empire Strikes Back The,1980,pos
6992,Lost Highway,1997,pos
6993,Absolute Power,1997,pos
6994,Lost Highway,1997,pos
6995,Chung fung dui ji no foh gaai tau,1996,pos
6996,Dragonheart,1996,pos
6997,Trainspotting,1996,pos
6998,Ransom,1996,pos
6999,Rosewood,1997,pos
7001,Crash,1996,pos
7002,Vegas Vacation,1997,neg
7003,Lost Highway,1997,pos
7004,Courtyard The,1995,neg
7005,Craft The,1996,neg
7006,Mars Attacks!,1996,pos
7007,Absolute Power,1997,pos
7008,Fun,1994,pos
7009,Twice Upon a Time,1983,pos
7010,Unhook the Stars,1996,pos
7011,Angel Baby,null,pos
7012,Blood and Wine,1997,pos
7013,Hotel de Love,1996,pos
7014,Rosewood,1997,pos
7015,Waiting for Guffman,1996,pos
7016,Kavkazskij plennik,1996,pos
7017,Bottle Rocket,1996,pos
7018,Dead Man Walking,1995,pos
7019,Fargo,1996,pos
7020,Get on the Bus,1996,pos
7021,Jack,1996,pos
7022,Ikiru,1952,pos
7023,Usual Suspects The,1995,pos
7024,Girl 6,1996,pos
7025,Fierce Creatures,1997,pos
7026,Blood and Wine,1997,pos
7027,Marvins Room,1996,pos
7028,Rosewood,1997,pos
7029,Donnie Brasco,1997,pos
7030,Love Jones,1997,pos
7032,Our Mothers House,1967,pos
7033,Crucible The,1996,neg
7034,Donnie Brasco,1997,pos
7035,Cosi,1996,pos
7036,Donnie Brasco,1997,pos
7037,Lost Highway,1997,pos
7038,Shoot to Kill,1988,pos
7039,Shine,1996,pos
7040,Sydney,1996,pos
7041,Sydney,1996,pos
7042,Whole Wide World The,1996,pos
7043,Rosewood,1997,neg
7046,Lost Highway,1997,pos
7047,Kavkazskij plennik,1996,pos
7048,Waiting for Guffman,1996,pos
7049,Kama Sutra: A Tale of Love,1996,pos
7050,People vs. Larry Flynt The,1996,pos
7051,Scream,1996,neg
7052,Donnie Brasco,1997,pos
7053,Waiting for Guffman,1996,pos
7054,Dantes Peak,1997,pos
7055,Romeo and Juliet,null,pos
7056,Donnie Brasco,1997,pos
7057,Kolya,1996,pos
7058,Private Parts,1997,pos
7059,Rhyme & Reason,1997,pos
7060,Private Parts,1997,pos
7061,Blood and Wine,1997,pos
7062,Madame Butterfly,1995,pos
7063,City of Industry,1997,pos
7064,Kissed,1996,pos
7065,Return of the Jedi,1983,pos
7066,Kama Sutra: A Tale of Love,1996,pos
7067,Sling Blade,1996,pos
7068,Private Parts,1997,pos
7069,Mallrats,1995,pos
7070,Sling Blade,1996,pos
7071,Voleurs Les,1996,pos
7072,Private Parts,1997,pos
7073,No Contest,1994,neg
7074,Mystery Science Theater 3000: The Movie,1996,pos
7075,Drug Mule,1996,pos
7076,Jungle2Jungle,1997,neg
7077,Jungle2Jungle,1997,pos
7078,Phantom The,1996,neg
7079,Birdcage The,1996,pos
7080,Lost Highway,1997,pos
7081,Private Parts,1997,pos
7082,Overdrawn at the Memory Bank,1985,pos
7083,League of Their Own A,1992,pos
7084,If Lucy Fell,1996,neg
7085,Shock,1977,pos
7086,Shichinin no samurai,1954,pos
7087,Grace of My Heart,1996,pos
7088,Private Parts,1997,pos
7089,Citizen Ruth,1996,pos
7090,That Thing You Do!,1996,pos
7091,Marvins Room,1996,pos
7092,Message to Love: The Isle of Wight Festival,1997,pos
7094,Lost Highway,1997,pos
7095,Broken English,1996,pos
7096,Chasing Amy,1997,pos
7097,Girls Like Us,1997,pos
7098,Private Parts,1997,pos
7099,Private Parts,1997,pos
7100,Cool Hand Luke,1967,pos
7101,Italian Job The,1969,pos
7102,McBain,1991,neg
7103,Jungle2Jungle,1997,pos
7104,Donnie Brasco,1997,pos
7105,Private Parts,1997,pos
7106,Smillas Sense of Snow,1997,pos
7107,Jungle2Jungle,1997,neg
7108,Lost Highway,1997,pos
7109,Love Jones,1997,pos
7110,Private Matter A,1992,pos
7111,Jungle2Jungle,1997,neg
7112,Naked in New York,1994,pos
7113,Tender Mercies,1983,pos
7114,Return of the Jedi,1983,pos
7115,English Patient The,1996,pos
7116,Love Jones,1997,pos
7117,Independence Day,1996,neg
7118,Safe,1995,pos
7119,Sling Blade,1996,pos
7120,Donnie Brasco,1997,pos
7121,Normal Life,1996,pos
7122,Hill The,1965,pos
7123,Everyone Says I Love You,1996,pos
7124,Love and Other Catastrophes,1996,pos
7125,Sydney,1996,pos
7126,Love and Other Catastrophes,1996,pos
7127,Normal Life,1996,pos
7128,Substance of Fire The,1996,pos
7129,Private Parts,1997,pos
7130,Return of the Jedi,1983,pos
7131,Devils Own The,1997,pos
7132,Safe,1995,pos
7133,Private Parts,1997,pos
7134,Liar Liar,1997,pos
7135,Smillas Sense of Snow,1997,pos
7136,City of Industry,1997,pos
7137,Marianne,1997,pos
7139,Donnie Brasco,1997,pos
7140,Sling Blade,1996,pos
7141,Godfather The,1972,pos
7142,Anna: Ot shesti do vosemnadtsati,1993,pos
7143,2 Days in the Valley,1996,pos
7144,Pallbearer The,1996,neg
7145,Donnie Brasco,1997,pos
7147,Chinatown,1974,pos
7148,Private Parts,1997,pos
7149,Some Like It Hot,1959,pos
7150,Hunchback of Notre Dame The,1996,pos
7151,Kissed,1996,pos
7152,Crash,1996,pos
7153,Private Parts,1997,pos
7154,Booty Call,1997,neg
7155,Whole Wide World The,1996,pos
7156,Crash,1996,pos
7157,Being There,1979,pos
7158,Body of Evidence,1993,pos
7159,Independence Day,1996,pos
7160,Twelve Monkeys,1995,pos
7161,Frighteners The,1996,pos
7162,Mars Attacks!,1996,pos
7163,Grosse Pointe Blank,1997,pos
7164,Mighty Ducks The,1992,pos
7165,Chasing Amy,1997,pos
7166,Daytrippers The,1996,pos
7167,Sling Blade,1996,pos
7168,English Patient The,1996,pos
7169,Grosse Pointe Blank,1997,pos
7170,Blood and Wine,1997,pos
7171,Liar Liar,1997,pos
7172,SubUrbia,1997,pos
7173,Smillas Sense of Snow,1997,pos
7176,Fille seule La,1995,pos
7177,City of Industry,1997,pos
7178,Selena,1997,pos
7179,Crash,1996,pos
7180,Liar Liar,1997,pos
7181,Liar Liar,1997,pos
7182,Liar Liar,1997,pos
7183,Love and Other Catastrophes,1996,pos
7184,Devils Own The,1997,pos
7185,Beauty and the Beast,1991,pos
7186,Close Encounters of the Third Kind,1977,pos
7187,Devils Own The,1997,pos
7188,Body of Evidence,1993,neg
7189,Crash,1996,pos
7190,Turbo: A Power Rangers Movie,1997,pos
7191,Crash,1996,pos
7192,Devils Own The,1997,pos
7193,Selena,1997,pos
7194,Liar Liar,1997,pos
7195,Crash,1996,pos
7196,Devils Own The,1997,pos
7197,Turbo: A Power Rangers Movie,1997,pos
7198,Beautician and the Beast The,1997,pos
7199,City of Industry,1997,pos
7201,Cyborg 2: Glass Shadow,1993,neg
7202,Mediterraneo,1991,pos
7203,Liar Liar,1997,pos
7204,Long Kiss Goodnight The,1996,pos
7205,Chamber The,1996,pos
7206,Caccia alla volpe,1966,pos
7208,Absolute Power,1997,pos
7209,Star Wars,1977,pos
7210,Private Parts,1997,pos
7211,Crash,1996,pos
7212,Boot Das,1981,pos
7213,Liar Liar,1997,pos
7214,Return of the Jedi,1983,pos
7215,Crash,1996,pos
7216,Kolya,1996,pos
7217,Sixth Man The,1997,pos
7218,Cats Dont Dance,1997,pos
7219,Devils Own The,1997,pos
7220,Sixth Man The,1997,pos
7221,That Old Feeling,1997,pos
7222,Daytrippers The,1996,pos
7223,Beavis and Butt-head Do America,1996,pos
7224,Lost Highway,1997,pos
7225,Selena,1997,pos
7226,Fierce Creatures,1997,pos
7227,Devils Own The,1997,pos
7228,Broadcast News,1987,pos
7229,B*A*P*S,1997,pos
7230,Children of the Revolution,1996,pos
7231,Saint The,1997,pos
7232,Sixth Man The,1997,neg
7234,Kama Sutra: A Tale of Love,1996,pos
7236,Johnny Mnemonic,1995,neg
7237,Crash,1996,pos
7238,Daytrippers The,1996,pos
7239,High School High,1996,neg
7240,Devils Own The,1997,pos
7241,Waiting for Guffman,1996,pos
7242,Selena,1997,pos
7243,Pillow Book The,1996,pos
7244,Emma,1996,pos
7245,Different for Girls,1996,neg
7246,Jingle All the Way,1996,pos
7247,That Thing You Do!,1996,pos
7248,Tian ya hai jiao,1996,pos
7249,When We Were Kings,1996,pos
7250,Devils Own The,1997,pos
7251,Casablanca,1942,pos
7252,Devils Own The,1997,pos
7253,Liar Liar,1997,pos
7254,Private Parts,1997,pos
7255,Donnie Brasco,1997,pos
7256,Marvins Room,1996,pos
7257,Return of the Jedi,1983,pos
7258,Empire Strikes Back The,1980,pos
7259,Selena,1997,pos
7260,Saint The,1997,pos
7261,Devils Own The,1997,pos
7262,Saint The,1997,pos
7263,Crash,1996,pos
7264,Sleepaway Camp,1983,pos
7265,Saint The,1997,pos
7266,Inventing the Abbotts,1997,pos
7267,Double Team,1997,pos
7268,Inventing the Abbotts,1997,pos
7269,Paradise Road,1997,pos
7270,Saint The,1997,pos
7271,Inventing the Abbotts,1997,pos
7272,Devils Own The,1997,pos
7273,That Old Feeling,1997,pos
7274,8 Heads in a Duffel Bag,1997,pos
7275,Saint The,1997,pos
7276,Annie Hall,1977,pos
7277,That Old Feeling,1997,pos
7278,Cop Land,1997,pos
7279,Designated Mourner The,1997,pos
7280,Walkabout,1971,pos
7281,Saint The,1997,pos
7282,Muppet Movie The,1979,pos
7285,Ganheddo,1989,pos
7286,Inventing the Abbotts,1997,pos
7287,Anna Karenina,1997,pos
7288,Quiet Room The,1996,pos
7289,That Old Feeling,1997,pos
7290,Troublesome Creek: A Midwestern,1995,pos
7291,Saint The,1997,pos
7292,Citizen Ruth,1996,pos
7293,Saint The,1997,pos
7294,Big Wednesday,1978,pos
7295,Circle of Iron,1979,pos
7296,Designated Mourner The,1997,pos
7297,Double Team,1997,pos
7298,Smillas Sense of Snow,1997,pos
7299,Saint The,1997,neg
7300,Love and Other Catastrophes,1996,pos
7301,Sling Blade,1996,pos
7302,Saint The,1997,neg
7303,Feng yue,1996,pos
7304,Delicate Art of the Rifle The,1997,pos
7305,Hollow Reed,1996,pos
7306,Grosse Pointe Blank,1997,pos
7307,Anaconda,1997,neg
7308,Deer Hunter The,1978,pos
7309,Warriors of Virtue,1997,pos
7310,Anaconda,1997,neg
7311,Anaconda,1997,neg
7312,Saint The,1997,pos
7313,Vertigo,1958,pos
7314,Double Team,1997,pos
7315,Anaconda,1997,neg
7317,Paradise Road,1997,pos
7318,Saint The,1997,pos
7319,Turbo: A Power Rangers Movie,1997,pos
7321,Chasing Amy,1997,pos
7322,Chasing Amy,1997,pos
7323,Saint The,1997,pos
7324,Jaws,1975,pos
7325,Petes Dragon,1977,pos
7326,Licensed to Kill,1997,pos
7327,Grosse Pointe Blank,1997,pos
7328,Anaconda,1997,pos
7329,Deliverance,1972,pos
7330,Anaconda,1997,neg
7331,Daytrippers The,1996,pos
7332,Godfather The,1972,pos
7333,Beautiful Thing,1996,pos
7334,Keys to Tulsa,1997,pos
7335,Kolya,1996,pos
7336,Pee-wees Big Adventure,1985,pos
7337,Grosse Pointe Blank,1997,pos
7338,Brood The,1979,pos
7339,Grosse Pointe Blank,1997,pos
7340,Grosse Pointe Blank,1997,pos
7341,Boot Das,1981,pos
7342,Murder at 1600,1997,neg
7343,8 Heads in a Duffel Bag,1997,pos
7344,8 Heads in a Duffel Bag,1997,pos
7345,Fille seule La,1995,pos
7346,Til There Was You,1997,pos
7347,Murder at 1600,1997,pos
7348,Liar Liar,1997,pos
7349,Grosse Pointe Blank,1997,neg
7350,Dog Day Afternoon,1975,pos
7353,Anna Karenina,1997,pos
7354,Mars Attacks!,1996,pos
7355,Twister,1996,pos
7356,Cable Guy The,1996,pos
7357,Eraser,1996,neg
7358,Broken Arrow,1996,neg
7359,Til There Was You,1997,pos
7360,Kavkazskij plennik,1996,pos
7361,That Old Feeling,1997,pos
7362,Til There Was You,1997,pos
7363,Dantes Peak,1997,pos
7364,Star Wars,1977,pos
7365,Empire Strikes Back The,1980,pos
7366,Planes Trains & Automobiles,1987,pos
7367,Mars Attacks!,1996,pos
7368,Time Bandits,1981,pos
7369,Graduate The,1967,pos
7370,Murder at 1600,1997,pos
7371,Volcano,1997,pos
7372,Bonnie and Clyde,1967,pos
7373,Grosse Pointe Blank,1997,pos
7375,Hunted The,1995,neg
7376,Bordello of Blood,1996,neg
7377,Grosse Pointe Blank,1997,pos
7378,8 Heads in a Duffel Bag,1997,pos
7379,Paradise Road,1997,pos
7380,Kissed,1996,pos
7381,Chasing Amy,1997,pos
7382,Boot Das,1981,pos
7383,McHales Navy,1997,neg
7384,Murder at 1600,1997,pos
7385,Breathing Lessons: The Life and Work of Mark OBrien,1996,pos
7386,Better Late,1997,pos
7387,Sour Death Balls,1993,pos
7388,Honey I Blew Up the Kid,1992,pos
7389,JFK,1991,pos
7390,Jacobs Ladder,1990,pos
7391,McHales Navy,1997,pos
7392,Fail-Safe,1964,pos
7393,Grosse Pointe Blank,1997,pos
7394,Anaconda,1997,neg
7395,Volcano,1997,neg
7396,Murder at 1600,1997,pos
7397,Smillas Sense of Snow,1997,pos
7398,Suspiria,1977,pos
7399,Voleurs Les,1996,pos
7400,English Patient The,1996,pos
7401,Chasing Amy,1997,pos
7402,Follow Me Home,1997,pos
7403,Romy and Micheles High School Reunion,1997,pos
7404,Passenger 57,1992,pos
7405,Suspiria,1977,pos
7406,Chasing Amy,1997,pos
7407,Volcano,1997,pos
7408,Volcano,1997,pos
7410,Abyss The,1989,pos
7411,Dantes Peak,1997,pos
7412,Saint The,1997,pos
7413,Everyone Says I Love You,1996,pos
7414,Romy and Micheles High School Reunion,1997,pos
7415,Volcano,1997,pos
7416,Romy and Micheles High School Reunion,1997,pos
7417,Nothing Personal,1995,pos
7418,Commandments,1997,neg
7419,Xtro,1983,neg
7420,Friday the 13th,1980,neg
7421,Friday the 13th Part 3: 3D,1982,neg
7422,From Dusk Till Dawn,1996,pos
7423,Liar Liar,1997,pos
7424,Secrets & Lies,1996,pos
7425,Trees Lounge,1996,pos
7426,Breakdown,1997,pos
7427,Brassed Off,1996,pos
7428,Volcano,1997,pos
7429,Creepshow,1982,pos
7430,One Flew Over the Cuckoos Nest,1975,pos
7431,Traveller,1997,pos
7432,Smillas Sense of Snow,1997,pos
7433,Inventing the Abbotts,1997,pos
7434,Anaconda,1997,neg
7435,That Old Feeling,1997,neg
7436,Apocalypse Now,1979,pos
7437,Children of the Revolution,1996,pos
7438,Romy and Micheles High School Reunion,1997,pos
7439,That Thing You Do!,1996,pos
7440,Dazed and Confused,1993,pos
7442,Breakdown,1997,pos
7443,Shall We Dansu?,1996,pos
7444,SubUrbia,1997,pos
7445,Volcano,1997,pos
7446,Prizzis Honor,1985,pos
7447,Volcano,1997,pos
7448,Breakdown,1997,pos
7449,Paradise Road,1997,neg
7450,Romy and Micheles High School Reunion,1997,pos
7451,Dantes Peak,1997,pos
7452,Volcano,1997,pos
7453,Volcano,1997,pos
7454,Grosse Pointe Blank,1997,pos
7455,Mission: Impossible,1996,pos
7456,2 Days in the Valley,1996,pos
7457,8 Heads in a Duffel Bag,1997,pos
7458,SubUrbia,1997,pos
7459,Volcano,1997,pos
7462,Before Sunrise,1995,pos
7463,Anna Karenina,1997,pos
7464,Breakdown,1997,pos
7466,Mille et une recettes du cuisinier amoureux Les,1996,pos
7467,B*A*P*S,1997,pos
7468,8 Heads in a Duffel Bag,1997,pos
7469,Warriors of Virtue,1997,pos
7470,Godfather: Part II The,1974,pos
7471,Apocalypse Now,1979,pos
7472,Breakdown,1997,pos
7473,Grosse Pointe Blank,1997,pos
7474,Anaconda,1997,neg
7475,Hollow Reed,1996,pos
7476,Grays Anatomy,1996,pos
7477,Austin Powers: International Man of Mystery,1997,pos
7478,Romy and Micheles High School Reunion,1997,pos
7479,Fifth Element The,1997,pos
7480,Hamlet,1996,pos
7481,Sling Blade,1996,pos
7482,Flame,1996,pos
7484,Austin Powers: International Man of Mystery,1997,pos
7485,Truth or Consequences N.M.,1997,pos
7486,Twilight Zone: The Movie,1983,pos
7487,Micki + Maude,1984,pos
7488,Volcano,1997,pos
7489,Atlantic City,1980,pos
7490,Volcano,1997,pos
7491,Romy and Micheles High School Reunion,1997,pos
7492,Anna Karenina,1997,pos
7494,Commandments,1997,pos
7495,Traveller,1997,pos
7496,Romy and Micheles High School Reunion,1997,neg
7497,Commandments,1997,pos
7498,Mille et une recettes du cuisinier amoureux Les,1996,pos
7499,Broken English,1996,pos
7500,Breakdown,1997,pos
7501,Austin Powers: International Man of Mystery,1997,pos
7502,Commandments,1997,pos
7504,Working Girl,1988,pos
7505,Adventures of Priscilla Queen of the Desert The,1994,pos
7506,D.O.A.,1988,pos
7507,Breakdown,1997,pos
7508,Grays Anatomy,1996,pos
7509,Topo El,1971,pos
7510,Johnny Got His Gun,1971,pos
7511,Liar Liar,1997,pos
7512,Traveller,1997,pos
7513,Shining The,1980,pos
7514,Fathers Day,1997,neg
7515,Fifth Element The,1997,pos
7516,Clandestin Le,1996,pos
7517,Jurk De,1996,pos
7518,Gyae-Got-Un Nalui Ohu,1996,pos
7519,Lilians Story,1995,pos
7520,Engelchen,1996,pos
7521,Hugo Pool,1997,pos
7522,Lepa sela lepo gore,1996,pos
7523,Hu Du Men,1996,pos
7524,Venere di Willendorf La,1996,pos
7525,Fifth Element The,1997,pos
7527,Hidden Dimension The,1997,pos
7528,Saint The,1997,pos
7529,Chasing Amy,1997,pos
7530,Welcome to the Dollhouse,1995,pos
7531,Fathers Day,1997,pos
7532,Fifth Element The,1997,pos
7533,Fifth Element The,1997,pos
7534,Brassed Off,1996,pos
7535,Fathers Day,1997,pos
7536,Fifth Element The,1997,pos
7537,Fifth Element The,1997,pos
7538,Austin Powers: International Man of Mystery,1997,pos
7539,Fifth Element The,1997,neg
7540,Quiz Show,1994,pos
7541,Fathers Day,1997,pos
7542,Fifth Element The,1997,pos
7543,Hamlet,1990,pos
7544,Hamlet,1948,pos
7546,Fifth Element The,1997,pos
7547,Citizen Ruth,1996,pos
7548,Breakdown,1997,pos
7549,Fathers Day,1997,pos
7550,Hollow Reed,1996,pos
7551,Austin Powers: International Man of Mystery,1997,pos
7552,Fifth Element The,1997,pos
7553,Fifth Element The,1997,pos
7554,Ordinary People,1980,pos
7555,McHales Navy,1997,neg
7556,Traveller,1997,pos
7557,Eye of God,1997,pos
7558,Forgotten Silver,1996,pos
7559,All Over Me,1997,pos
7560,Kondom des Grauens,1996,pos
7561,Love Serenade,1996,pos
7562,E no naka no boku no mura,1995,pos
7563,Fathers Day,1997,pos
7564,Swann,1996,pos
7565,Attende Den,1996,pos
7566,Fathers Day,1997,pos
7567,Female Perversions,1996,pos
7568,Lost World: Jurassic Park The,1997,neg
7569,Breakdown,1997,pos
7570,Fathers Day,1997,neg
7571,Substitute The,1996,neg
7572,Associate The,1996,pos
7573,Arrival The,1996,pos
7574,One Fine Day,1996,pos
7575,Fifth Element The,1997,pos
7576,Fathers Day,1997,neg
7577,Breakdown,1997,neg
7578,Terminator The,1984,pos
7579,Fifth Element The,1997,pos
7580,Fifth Element The,1997,pos
7581,Night Falls on Manhattan,1997,pos
7582,Visions of Light,1992,pos
7584,Floating Life,1996,pos
7585,Seconda volta La,1996,pos
7586,Krzysztof Kieslowski: Im So-So...,1995,pos
7587,Love! Valour! Compassion!,1997,pos
7588,Sprung,1997,neg
7589,Go Now,1995,pos
7590,Brassed Off,1996,pos
7591,Love! Valour! Compassion!,1997,pos
7592,Liar Liar,1997,pos
7593,Children of the Revolution,1996,pos
7594,Sprung,1997,pos
7595,Mille et une recettes du cuisinier amoureux Les,1996,pos
7596,Fifth Element The,1997,pos
7597,Female Perversions,1996,pos
7598,Roseannas Grave,1997,pos
7599,Night Falls on Manhattan,1997,pos
7600,Voleurs Les,1996,pos
7601,Chasing Amy,1997,pos
7602,Fifth Element The,1997,pos
7603,People vs. Larry Flynt The,1996,pos
7604,Night Falls on Manhattan,1997,pos
7605,Fifth Element The,1997,pos
7606,Night Falls on Manhattan,1997,pos
7607,On Golden Pond,1981,pos
7608,Trading Places,1983,pos
7609,Romy and Micheles High School Reunion,1997,neg
7610,Nuovo cinema Paradiso,1988,pos
7611,Akira,1988,pos
7612,Dead Man Walking,1995,pos
7613,Cyrano de Bergerac,1990,pos
7614,Ladro di bambini Il,1992,pos
7615,Indochine,1992,pos
7616,English Patient The,1996,pos
7617,Piano The,1993,pos
7618,Jerry Maguire,1996,pos
7619,Night Falls on Manhattan,1997,pos
7620,Cross My Heart,1987,pos
7621,Fargo,1996,pos
7623,Fifth Element The,1997,pos
7624,Hollow Reed,1996,pos
7625,Switchblade Sisters,1975,pos
7626,Fifth Element The,1997,pos
7627,Baby of Macon The,1993,pos
7628,Fifth Element The,1997,pos
7629,Austin Powers: International Man of Mystery,1997,pos
7631,Grosse Pointe Blank,1997,pos
7632,Chasing Amy,1997,pos
7633,Breakdown,1997,pos
7634,Romy and Micheles High School Reunion,1997,pos
7635,Traveller,1997,pos
7636,Fathers Day,1997,pos
7637,Hollow Reed,1996,pos
7638,Fathers Day,1997,neg
7639,Fifth Element The,1997,pos
7640,Addicted to Love,1997,neg
7641,Night Falls on Manhattan,1997,pos
7642,Chasing Amy,1997,pos
7643,Mallrats,1995,pos
7645,Unforgettable,1996,pos
7646,Angus,1995,pos
7647,American President The,1995,pos
7648,Addicted to Love,1997,pos
7649,Fifth Element The,1997,pos
7650,Austin Powers: International Man of Mystery,1997,pos
7651,Fifth Element The,1997,pos
7652,Amadeus,1984,pos
7653,Lost World: Jurassic Park The,1997,neg
7654,My Fellow Americans,1996,pos
7655,Lost World: Jurassic Park The,1997,pos
7656,Addicted to Love,1997,pos
7657,Fifth Element The,1997,pos
7658,Apollo 13,1995,pos
7659,Babe,1995,pos
7660,Lost World: Jurassic Park The,1997,pos
7661,Love! Valour! Compassion!,1997,pos
7662,Lost World: Jurassic Park The,1997,pos
7663,Lost World: Jurassic Park The,1997,pos
7664,Addicted to Love,1997,pos
7665,Fifth Element The,1997,pos
7666,Van The,1996,pos
7667,Lost World: Jurassic Park The,1997,pos
7668,Lost World: Jurassic Park The,1997,pos
7669,Lost World: Jurassic Park The,1997,pos
7671,Ripe,1996,pos
7672,Night Falls on Manhattan,1997,pos
7673,Trading Mom,1994,pos
7674,Kazaam,1996,pos
7675,Addicted to Love,1997,pos
7677,Lost World: Jurassic Park The,1997,pos
7678,Mrs. Brown,1997,pos
7679,Nothing Personal,1995,pos
7680,Shiloh,1997,pos
7682,Lost World: Jurassic Park The,1997,pos
7683,Austin Powers: International Man of Mystery,1997,pos
7684,Fifth Element The,1997,pos
7685,Hamlet,1948,pos
7686,Lost World: Jurassic Park The,1997,pos
7687,Lost World: Jurassic Park The,1997,pos
7689,Brassed Off,1996,pos
7690,Tall Tale,1995,pos
7691,My Fellow Americans,1996,pos
7692,Hannah and Her Sisters,1986,pos
7693,Lost World: Jurassic Park The,1997,neg
7694,Lost World: Jurassic Park The,1997,pos
7695,Addicted to Love,1997,pos
7696,Breakdown,1997,pos
7697,Ulees Gold,1997,pos
7698,Lost World: Jurassic Park The,1997,pos
7699,Night Falls on Manhattan,1997,pos
7700,Lost World: Jurassic Park The,1997,pos
7701,Fathers Day,1997,pos
7702,Breakdown,1997,pos
7703,Volcano,1997,pos
7704,Kama Sutra: A Tale of Love,1996,pos
7705,Austin Powers: International Man of Mystery,1997,pos
7706,Lost World: Jurassic Park The,1997,neg
7707,Barton Fink,1991,pos
7708,Lost World: Jurassic Park The,1997,pos
7709,Austin Powers: International Man of Mystery,1997,neg
7710,Hanussen,1988,pos
7711,Pelle erobreren,1987,pos
7713,Inferno,1980,pos
7715,Ripe,1996,pos
7716,Back to the Future,1985,pos
7717,Back to the Future Part II,1989,pos
7718,Back to the Future Part III,1990,pos
7720,Batman,1989,pos
7721,Before Sunrise,1995,pos
7722,Beavis and Butt-head Do America,1996,neg
7723,Addicted to Love,1997,pos
7724,Twin Town,1997,pos
7725,Paradise Road,1997,pos
7726,Trial and Error,1997,pos
7727,Black Robe,1991,pos
7728,Trois couleurs: Bleu,1993,pos
7729,Breakfast Club The,1985,pos
7730,Braveheart,1995,pos
7731,Blood Simple,1984,pos
7732,Billy Madison,1995,neg
7733,Trial and Error,1997,pos
7734,Lost World: Jurassic Park The,1997,pos
7735,Mr. Peabody and the Mermaid,1948,pos
7736,Brothers McMullen The,1995,pos
7737,Bye Bye Love,1995,pos
7738,Bulletproof,1996,neg
7739,Trainspotting,1996,pos
7740,Citizen Kane,1941,pos
7741,Return of the Jedi,1983,pos
7742,Rock The,1996,pos
7743,Gone Fishin,1997,pos
7744,Barb Wire,1996,pos
7745,Cable Guy The,1996,pos
7746,Casablanca,1942,pos
7747,Casino,1995,pos
7748,Fifth Element The,1997,pos
7749,Christmas Story A,1983,pos
7750,Gone Fishin,1997,neg
7751,Party The,1968,pos
7752,Til There Was You,1997,pos
7753,Cats Dont Dance,1997,pos
7754,Ochi chyornye,1987,pos
7755,Boca a boca,1995,pos
7756,Trial and Error,1997,pos
7757,Female Perversions,1996,pos
7758,Saint The,1997,neg
7759,Trial and Error,1997,pos
7760,Breakdown,1997,pos
7762,Rough Magic,1995,pos
7763,Trial and Error,1997,pos
7764,Gone Fishin,1997,neg
7765,Jerusalem,1996,pos
7766,Gone Fishin,1997,neg
7767,Boys Life 2,1997,pos
7769,Trial and Error,1997,pos
7770,Mille et une recettes du cuisinier amoureux Les,1996,pos
7771,After Hours,1985,pos
7772,Swingers,1996,pos
7773,Jungle2Jungle,1997,neg
7774,Addicted to Love,1997,pos
7775,Lost World: Jurassic Park The,1997,pos
7776,Fifth Element The,1997,pos
7777,Trial and Error,1997,pos
7778,Boot Das,1981,pos
7779,Van The,1996,pos
7782,Dances with Wolves,1990,pos
7783,Boot Das,1981,pos
7784,Lost World: Jurassic Park The,1997,pos
7785,Con Air,1997,pos
7786,Face/Off,1997,pos
7787,Buddy,1997,pos
7788,Lost World: Jurassic Park The,1997,pos
7789,Con Air,1997,pos
7790,Bliss,1997,pos
7791,Con Air,1997,neg
7792,Buddy,1997,pos
7793,Rock The,1996,pos
7794,Pillow Book The,1996,pos
7795,Rocketeer The,1991,pos
7796,Con Air,1997,neg
7797,Meet Wally Sparks,1997,neg
7798,Con Air,1997,pos
7799,Crash,1996,pos
7801,Con Air,1997,pos
7802,D2: The Mighty Ducks,1994,neg
7803,Con Air,1997,pos
7804,Money Train,1995,neg
7805,Con Air,1997,pos
7806,Ariel,1988,pos
7807,Con Air,1997,neg
7808,Con Air,1997,pos
7809,High School High,1996,neg
7810,Lost World: Jurassic Park The,1997,pos
7811,Buddy,1997,pos
7812,Gabbeh,1996,pos
7813,Chacun cherche son chat,1996,pos
7814,Lost World: Jurassic Park The,1997,neg
7815,Con Air,1997,pos
7816,Volcano,1997,pos
7817,Dr. Strangelove or: How I Learned to Stop Worrying and Love the Bomb,1964,pos
7818,Dumb & Dumber,1994,neg
7819,Dazed and Confused,1993,pos
7821,Devil in a Blue Dress,1995,pos
7822,Lost World: Jurassic Park The,1997,neg
7823,Ulees Gold,1997,pos
7824,Rivers Edge,1987,pos
7825,Trial and Error,1997,pos
7826,Con Air,1997,pos
7827,Lost World: Jurassic Park The,1997,pos
7828,Con Air,1997,neg
7829,Ed Wood,1994,pos
7830,Empire Strikes Back The,1980,pos
7831,E.T. the Extra-Terrestrial,1982,pos
7832,Eraser,1996,neg
7833,Exorcist The,1973,pos
7836,Hercules,1997,pos
7837,Lost World: Jurassic Park The,1997,pos
7838,Van The,1996,pos
7839,Speed 2: Cruise Control,1997,pos
7840,Family Business,1989,pos
7841,Fatal Attraction,1987,pos
7842,Harvey Girls The,1946,pos
7843,Kiss Before Dying A,1991,pos
7844,Man Without a Star,1955,pos
7845,Gordy,1995,neg
7846,Fugitive The,1993,pos
7847,Ferris Buellers Day Off,1986,pos
7848,Fools Rush In,1997,neg
7851,Speed 2: Cruise Control,1997,pos
7852,Forrest Gump,1994,pos
7853,Walkabout,1971,pos
7854,Forget Paris,1995,pos
7855,From Dusk Till Dawn,1996,pos
7856,Full Metal Jacket,1987,pos
7857,Ulees Gold,1997,pos
7858,Ripe,1996,pos
7859,Batman,1989,pos
7860,Which Way to the Front?,1970,pos
7861,Grosse Pointe Blank,1997,pos
7862,Chain Reaction,1996,neg
7863,Escape from L.A.,1996,pos
7864,My Best Friends Wedding,1997,pos
7865,Van The,1996,pos
7866,Clockwork Orange A,1971,pos
7867,Get Shorty,1995,pos
7868,Smillas Sense of Snow,1997,pos
7869,Speed 2: Cruise Control,1997,neg
7870,Trainspotting,1996,pos
7871,Con Air,1997,pos
7872,Home Alone,1990,pos
7873,Hunt for Red October The,1990,pos
7874,Hudsucker Proxy The,1994,pos
7876,Home Alone 2: Lost in New York,1992,pos
7877,Heavy Metal,1981,pos
7878,Serial Mom,1994,pos
7879,Fifth Element The,1997,neg
7880,Van The,1996,pos
7881,Irma Vep,1996,pos
7882,Happy Gilmore,1996,neg
7884,Bad Boys,1995,neg
7885,Speed 2: Cruise Control,1997,pos
7887,Moonstruck,1987,pos
7889,Liar Liar,1997,pos
7890,Scarface,1983,pos
7891,Four Rooms,1995,neg
7892,Annie Hall,1977,pos
7893,Volcano,1997,neg
7894,Sleeper,1973,pos
7895,Fifth Element The,1997,pos
7896,My Best Friends Wedding,1997,pos
7897,Pulp Fiction,1994,pos
7898,Bananas,1971,pos
7901,JFK,1991,pos
7903,Speed 2: Cruise Control,1997,pos
7904,Jurassic Park,1993,pos
7905,Play It Again Sam,1972,pos
7906,My Best Friends Wedding,1997,pos
7907,Mommie Dearest,1981,neg
7908,Speed 2: Cruise Control,1997,neg
7909,Children of the Revolution,1996,pos
7910,Cyborg 3: The Recycler,1995,neg
7911,My Best Friends Wedding,1997,pos
7912,Stargate,1994,neg
7913,Independence Day,1996,neg
7914,Forrest Gump,1994,pos
7915,Batman & Robin,1997,pos
7916,Rough Magic,1995,neg
7917,Shall We Dansu?,1996,pos
7918,Mondo,1996,pos
7919,Batman & Robin,1997,neg
7921,My Best Friends Wedding,1997,pos
7922,Con Air,1997,pos
7923,Muppet Treasure Island,1996,pos
7924,Men in Black,1997,pos
7925,Batman & Robin,1997,neg
7926,Men in Black,1997,pos
7927,Men in Black,1997,pos
7928,Batman & Robin,1997,neg
7929,Grumpier Old Men,1995,pos
7930,Batman & Robin,1997,neg
7931,Bionic Ever After?,1994,pos
7932,Batman & Robin,1997,neg
7933,Out to Sea,1997,pos
7934,My Best Friends Wedding,1997,pos
7935,Batman & Robin,1997,neg
7936,Kingpin,1996,neg
7937,Ladybugs,1992,neg
7938,Leaving Las Vegas,1995,pos
7939,Memphis Belle,1990,pos
7940,Midnight Cowboy,1969,pos
7941,Promesse La,1996,pos
7942,Double Team,1997,neg
7943,White Squall,1996,pos
7944,Batman & Robin,1997,neg
7945,Jungle2Jungle,1997,neg
7946,Full Metal Jacket,1987,pos
7947,My Best Friends Wedding,1997,pos
7948,Batman & Robin,1997,neg
7949,Citizen Ruth,1996,pos
7950,Zhong an zu,1993,pos
7951,Mission: Impossible,1996,pos
7952,Mr. Hollands Opus,1995,pos
7953,Senior Trip,1995,neg
7954,Natural Born Killers,1994,pos
7955,Nick of Time,1995,pos
7956,Nineteen Eighty-Four,1984,pos
7957,Ed Wood,1994,pos
7958,English Patient The,1996,pos
7959,Mille et une recettes du cuisinier amoureux Les,1996,pos
7960,Hercules,1997,pos
7961,Feng yue,1996,pos
7962,Ghost and the Darkness The,1996,neg
7963,Batman & Robin,1997,neg
7964,Enjeru dasuto,1994,pos
7965,North by Northwest,1959,pos
7966,Peril from the Planet Mongo,1966,pos
7967,No Escape,1994,pos
7968,My Best Friends Wedding,1997,pos
7969,Chasers,1994,pos
7970,Romy and Micheles High School Reunion,1997,pos
7971,Hercules,1997,pos
7972,My Best Friends Wedding,1997,pos
7974,Woman of the Year,1942,pos
7975,My Best Friends Wedding,1997,pos
7976,Batman Returns,1992,pos
7978,Batman,1989,pos
7979,My Best Friends Wedding,1997,pos
7980,Talk Radio,1988,pos
7981,Love Serenade,1996,pos
7982,Out to Sea,1997,pos
7983,Batman & Robin,1997,neg
7984,My Best Friends Wedding,1997,pos
7985,Ruby in Paradise,1993,pos
7986,Timothy Learys Dead,1996,pos
7987,Mandela,1996,pos
7988,Bullet to Beijing,1995,pos
7989,Pillow Book The,1996,pos
7992,Batman & Robin,1997,neg
7993,Relic The,1997,neg
7994,Pebble and the Penguin The,1995,pos
7995,Up Close & Personal,1996,pos
7996,Planes Trains & Automobiles,1987,pos
7997,Nixon,1995,pos
7998,Nobodys Fool,1994,pos
7999,Con Air,1997,pos
8000,Nutty Professor The,1996,pos
8001,One Flew Over the Cuckoos Nest,1975,pos
8002,Pee-wees Big Adventure,1985,neg
8004,Private Parts,1997,pos
8005,Rain Man,1988,pos
8006,People vs. Larry Flynt The,1996,pos
8007,Pulp Fiction,1994,pos
8008,Con Air,1997,pos
8009,Return of the Jedi,1983,pos
8010,Trois couleurs: Rouge,1994,pos
8011,Ransom,1996,pos
8012,Ponette,1996,pos
8013,Addicted to Love,1997,pos
8014,Con Air,1997,pos
8015,Fifth Element The,1997,pos
8016,Lost World: Jurassic Park The,1997,pos
8017,Batman & Robin,1997,neg
8018,Strange Days,1995,pos
8020,Men in Black,1997,pos
8021,Volcano,1997,neg
8022,Matilda,1996,pos
8023,Batman & Robin,1997,neg
8024,Batman & Robin,1997,neg
8025,Hercules,1997,pos
8026,Lady in White,1988,pos
8027,Roger & Me,1989,pos
8029,Hercules,1997,pos
8030,In the Company of Men,1997,pos
8031,Men in Black,1997,pos
8032,Nothing to Lose,1997,pos
8033,Desperado,1995,neg
8034,Face/Off,1997,pos
8035,Nineteen Eighty-Four,1984,pos
8036,Brazil,1985,pos
8037,Face/Off,1997,pos
8038,Beautician and the Beast The,1997,pos
8039,Mirror Has Two Faces The,1996,pos
8041,Secrets & Lies,1996,pos
8042,Sense and Sensibility,1995,pos
8043,Se7en,1995,pos
8044,Saint The,1997,pos
8045,Shawshank Redemption The,1994,pos
8046,Ponette,1996,pos
8047,Pillow Book The,1996,pos
8048,Batman & Robin,1997,neg
8049,Honey We Shrunk Ourselves,1997,pos
8050,Batman Returns,1992,pos
8051,Hercules,1997,pos
8052,Brassed Off,1996,pos
8053,Night Falls on Manhattan,1997,pos
8054,Romeo + Juliet,1996,pos
8055,Batman & Robin,1997,neg
8056,Face/Off,1997,pos
8057,Hercules,1997,pos
8058,Face/Off,1997,pos
8059,Hercules,1997,pos
8060,Grand chemin Le,1987,pos
8061,Johnny Stecchino,1991,pos
8062,My Best Friends Wedding,1997,pos
8063,Batman & Robin,1997,neg
8065,Hercules,1997,pos
8066,Face/Off,1997,pos
8069,Men in Black,1997,pos
8072,Face/Off,1997,pos
8074,Cannes Man,1996,pos
8075,Men in Black,1997,pos
8076,Face/Off,1997,pos
8077,Speed 2: Cruise Control,1997,neg
8078,Men in Black,1997,pos
8081,Traveller,1997,pos
8082,Man Without a Star,1955,pos
8083,Harvey Girls The,1946,pos
8084,Broken English,1996,pos
8085,Lonelyhearts,1959,pos
8086,My Best Friends Wedding,1997,pos
8087,Scream,1996,pos
8088,Chacun cherche son chat,1996,pos
8090,Batman & Robin,1997,neg
8091,Face/Off,1997,pos
8092,Shine,1996,pos
8093,Show The,1995,pos
8094,Silence of the Lambs The,1991,pos
8096,Saint The,1997,pos
8097,Out to Sea,1997,neg
8098,Singles,1992,pos
8099,My Best Friends Wedding,1997,pos
8100,Speed 2: Cruise Control,1997,neg
8101,Batman & Robin,1997,neg
8102,Face/Off,1997,pos
8103,Aladdin,1992,pos
8104,Hocus Pocus,1993,pos
8105,Rookie of the Year,1993,pos
8106,Sandlot The,1993,pos
8107,Mask The,1994,pos
8109,Men in Black,1997,pos
8110,Anaconda,1997,neg
8111,Spitfire Grill The,1996,pos
8112,Men in Black,1997,pos
8113,Wild America,1997,pos
8114,Contact,1997,pos
8115,Shi di chu ma,1980,pos
8116,Jing cha gu shi IV: Jian dan ren wu,1996,pos
8117,Glimmer Man The,1996,neg
8119,Contact,1997,pos
8120,Ulees Gold,1997,pos
8121,Feng yue,1996,pos
8123,Men in Black,1997,pos
8124,Private Parts,1997,pos
8126,Space Jam,1996,pos
8127,Sneakers,1992,pos
8128,Spartacus,1960,pos
8129,Stand by Me,1986,pos
8130,Stand The,1994,pos
8131,Contact,1997,pos
8132,Scream,1996,pos
8134,Star Wars,1977,pos
8135,Stargate,1994,pos
8136,Cable Guy The,1996,pos
8138,Men in Black,1997,pos
8139,Men in Black,1997,pos
8140,My Best Friends Wedding,1997,pos
8141,Out to Sea,1997,pos
8143,Swingers,1996,pos
8144,L.A. Story,1991,pos
8145,Bogus,1996,pos
8148,Men in Black,1997,pos
8149,Contact,1997,pos
8150,Ulees Gold,1997,pos
8151,Contact,1997,pos
8152,Teenage Mutant Ninja Turtles,1990,pos
8153,Tommy Boy,1995,neg
8154,Thunderheart,1992,pos
8155,Face/Off,1997,pos
8156,Men in Black,1997,pos
8157,Scream,1996,neg
8160,Othello,1995,pos
8161,Wild America,1997,pos
8162,Face/Off,1997,pos
8163,Men in Black,1997,pos
8164,Batman & Robin,1997,neg
8167,Toy Story,1995,pos
8169,True Lies,1994,pos
8170,Men in Black,1997,pos
8171,Out to Sea,1997,neg
8177,Out to Sea,1997,pos
8178,Contact,1997,pos
8179,Hunchback of Notre Dame The,1996,pos
8180,Feeling Minnesota,1996,neg
8181,Contact,1997,pos
8182,Batman & Robin,1997,neg
8183,Mrs. Brown,1997,pos
8184,Simple Wish A,1997,neg
8185,Face/Off,1997,pos
8186,Simple Wish A,1997,pos
8187,Odyssey The,1997,pos
8188,Speed 2: Cruise Control,1997,neg
8189,Men in Black,1997,pos
8190,G.I. Jane,1997,pos
8191,Contact,1997,pos
8192,2001: A Space Odyssey,1968,pos
8193,2010,1984,pos
8194,True Romance,1993,pos
8195,Twister,1996,pos
8196,Ulees Gold,1997,pos
8197,Men in Black,1997,neg
8198,Contact,1997,pos
8199,Contact,1997,pos
8201,Contact,1997,pos
8205,Contact,1997,pos
8206,Twin Town,1997,pos
8207,Contact,1997,pos
8209,Usual Suspects The,1995,pos
8210,UHF,1989,pos
8212,Unstrung Heroes,1995,pos
8213,Pillow Book The,1996,pos
8214,Dream with the Fishes,1997,pos
8215,Brassed Off,1996,pos
8217,Nothing to Lose,1997,pos
8219,12:01,1993,pos
8220,Nothing to Lose,1997,pos
8222,Star Wars,1977,pos
8223,Contact,1997,pos
8224,Dream with the Fishes,1997,pos
8226,Johns,1996,pos
8227,Simple Wish A,1997,pos
8228,Fargo,1996,pos
8229,Con Air,1997,pos
8230,East Side Story,1997,pos
8232,Ulees Gold,1997,pos
8233,Simple Wish A,1997,neg
8234,Nothing to Lose,1997,pos
8235,Waterworld,1995,neg
8236,Waynes World,1992,pos
8237,War of the Worlds The,1953,pos
8238,Yapian zhanzheng,1997,pos
8239,George of the Jungle,1997,pos
8240,High School High,1996,pos
8241,Doctor Who,1996,pos
8242,Weekend at Bernies,1989,neg
8243,Welcome to the Dollhouse,1995,pos
8244,Designated Mourner The,1997,pos
8245,Men in Black,1997,pos
8246,Flight of the Phoenix The,1965,pos
8247,While You Were Sleeping,1995,pos
8248,Whats Eating Gilbert Grape,1993,pos
8249,Trzy kolory: Bialy,1994,pos
8250,Contact,1997,pos
8251,George of the Jungle,1997,pos
8252,Contact,1997,pos
8253,Contact,1997,pos
8254,George of the Jungle,1997,pos
8255,Jing cha gu shi III: Chao ji jing cha,1992,pos
8256,Jerry Maguire,1996,pos
8257,Quick Change,1990,pos
8258,Ulees Gold,1997,pos
8259,Con Air,1997,pos
8260,Men in Black,1997,neg
8261,George of the Jungle,1997,pos
8262,Feiying gaiwak,1990,pos
8263,Feiying gaiwak,1990,pos
8264,George of the Jungle,1997,pos
8265,Air Force One,1997,pos
8266,Feiying gaiwak,1990,pos
8267,Baby Snakes,1979,pos
8268,No Small Affair,1984,pos
8269,Feiying gaiwak,1990,pos
8270,Places in the Heart,1984,pos
8272,In Love and War,1997,pos
8273,Contact,1997,pos
8274,Contact,1997,pos
8275,My Fellow Americans,1996,pos
8276,Doctor Who,1996,pos
8277,Face/Off,1997,pos
8278,Englishman Who Went Up a Hill But Came Down a Mountain The,1995,pos
8279,Masters of the Universe,1987,neg
8280,Chacun cherche son chat,1996,pos
8282,North Dallas Forty,1979,pos
8283,Blazing Saddles,1974,pos
8284,George of the Jungle,1997,pos
8287,Hercules,1997,pos
8288,Batman and Robin,1949,pos
8289,Batman,1989,pos
8290,Full Monty The,1997,pos
8291,Contact,1997,pos
8293,Lost World: Jurassic Park The,1997,pos
8295,Lone Star,1996,pos
8296,Air Force One,1997,pos
8297,Nothing to Lose,1997,neg
8298,Feiying gaiwak,1990,pos
8299,Feiying gaiwak,1990,pos
8300,Deliverance,1972,pos
8301,Feiying gaiwak,1990,pos
8302,Copycat,1995,pos
8303,Hercules,1997,pos
8304,Nick of Time,1995,neg
8305,George of the Jungle,1997,pos
8306,Hackers,1995,neg
8307,Con Air,1997,pos
8308,Promesse La,1996,pos
8309,Air Force One,1997,pos
8310,Absolute Power,1997,pos
8311,Dream with the Fishes,1997,pos
8313,Ponette,1996,pos
8315,Scream,1996,pos
8316,Anna Karenina,1997,pos
8317,Donnie Brasco,1997,pos
8318,Thief of Bagdad The,1924,pos
8319,Batman & Robin,1997,neg
8320,Shes the One,1996,pos
8321,Platoon,1986,pos
8322,Speed 2: Cruise Control,1997,neg
8323,Batman & Robin,1997,neg
8324,Con Air,1997,neg
8325,Contact,1997,pos
8326,Face/Off,1997,pos
8327,Hercules,1997,pos
8328,Men in Black,1997,pos
8329,My Best Friends Wedding,1997,pos
8330,Out to Sea,1997,neg
8331,Feiying gaiwak,1990,pos
8332,Fifth Element The,1997,pos
8333,Air Force One,1997,pos
8334,Conspiracy Theory,1997,neg
8335,Ulees Gold,1997,pos
8336,Nothing to Lose,1997,pos
8337,Nikita,1990,pos
8338,Conspiracy Theory,1997,pos
8339,Extreme Measures,1996,pos
8340,Promesse La,1996,pos
8341,Conspiracy Theory,1997,pos
8342,Air Force One,1997,pos
8344,Contact,1997,pos
8345,Ermo,1994,pos
8346,Fools Rush In,1997,neg
8347,Army of Darkness,1993,pos
8348,Contact,1997,pos
8349,Batman & Robin,1997,neg
8350,Hercules,1997,pos
8351,Contact,1997,pos
8352,Face/Off,1997,pos
8353,My Best Friends Wedding,1997,pos
8354,Men in Black,1997,pos
8355,Brassed Off,1996,pos
8356,Air Force One,1997,pos
8357,Contact,1997,pos
8358,Daytrippers The,1996,pos
8359,Svengali,1931,pos
8360,Batman & Robin,1997,neg
8361,That Thing You Do!,1996,pos
8362,When the Daltons Rode,1940,pos
8363,Desk Set,1957,pos
8364,Men in Black,1997,pos
8365,Air Force One,1997,pos
8366,Good Burger,1997,pos
8367,One Eight Seven,1997,pos
8368,Air Force One,1997,pos
8369,Midnight Run,1988,pos
8370,Se7en,1995,pos
8371,Jing cha gu shi IV: Jian dan ren wu,1996,pos
8372,One Eight Seven,1997,pos
8373,Indian Summer,1996,pos
8374,Heavens Prisoners,1996,neg
8375,Contact,1997,pos
8376,Waterworld,1995,pos
8377,Lone Star,1996,pos
8379,Air Force One,1997,pos
8380,Air Force One,1997,pos
8381,Chacun cherche son chat,1996,pos
8382,Color of Night,1994,neg
8383,Chacun cherche son chat,1996,pos
8384,Princess Caraboo,1994,pos
8385,Air Force One,1997,pos
8386,George of the Jungle,1997,pos
8387,Pleasure of His Company The,1961,pos
8389,Batman Forever,1995,pos
8390,Breaking the Waves,1996,pos
8391,Bound,1996,pos
8392,Air Bud,1997,pos
8393,Lost World: Jurassic Park The,1997,neg
8394,Air Force One,1997,pos
8395,Picture Perfect,1997,pos
8396,Face/Off,1997,pos
8397,Batman & Robin,1997,neg
8398,Air Force One,1997,pos
8399,Air Force One,1997,pos
8400,Con Air,1997,pos
8401,Total Recall,1990,pos
8402,Nothing to Lose,1997,pos
8403,Good Burger,1997,neg
8404,Picture Perfect,1997,pos
8405,Contact,1997,pos
8406,Diary of Anne Frank The,1959,pos
8407,Air Bud,1997,neg
8408,Full Monty The,1997,pos
8409,Chasing Amy,1997,pos
8410,Mrs. Brown,1997,pos
8411,Short Cuts,1993,pos
8412,Spawn,1997,neg
8413,One Eight Seven,1997,pos
8414,Spawn,1997,pos
8415,Face/Off,1997,pos
8416,Contact,1997,pos
8417,Contact,1997,pos
8418,Picture Perfect,1997,pos
8419,Spawn,1997,pos
8420,G.I. Jane,1997,pos
8421,Matinee,1993,pos
8422,Indian in the Cupboard The,1995,pos
8423,Air Bud,1997,pos
8424,Face/Off,1997,pos
8426,Air Force One,1997,pos
8428,Contact,1997,pos
8429,Conspiracy Theory,1997,neg
8430,My Best Friends Wedding,1997,pos
8431,Independence Day,1996,pos
8432,Life with Father,1947,pos
8433,One Eight Seven,1997,pos
8434,Picture Perfect,1997,pos
8435,One Eight Seven,1997,pos
8436,That Old Feeling,1997,pos
8437,Blood and Wine,1997,pos
8438,Island of Dr. Moreau The,1996,pos
8439,Singin in the Rain,1952,pos
8440,Turbulence,1997,neg
8441,Punchline,1988,pos
8442,Looking for Richard,1996,pos
8443,In the Company of Men,1997,pos
8444,Air Force One,1997,pos
8445,Lost World: Jurassic Park The,1997,pos
8446,Blue Velvet,1986,pos
8447,Spawn,1997,neg
8448,Men in Black,1997,pos
8449,How Green Was My Valley,1941,pos
8450,Life of Brian,1979,pos
8451,Shall We Dansu?,1996,pos
8453,Mrs. Brown,1997,pos
8454,Air Force One,1997,pos
8455,Nothing to Lose,1997,neg
8456,Austin Powers: International Man of Mystery,1997,pos
8457,Spawn,1997,pos
8458,Lair of the White Worm The,1988,pos
8459,Men in Black,1997,pos
8460,Vegas Vacation,1997,neg
8461,Spawn,1997,neg
8463,Shall We Dansu?,1996,pos
8464,Easy Rider,1969,pos
8465,One Eight Seven,1997,pos
8466,In the Company of Men,1997,pos
8467,Chiklo gouyeung,1992,neg
8468,Close Encounters of the Third Kind,1977,pos
8470,Vertigo,1958,pos
8471,Spawn,1997,pos
8472,Absolute Power,1997,pos
8474,Fathers Day,1997,pos
8475,Fury The,1978,pos
8476,Spawn,1997,neg
8477,Free Willy 3: The Rescue,1997,pos
8478,Dream with the Fishes,1997,pos
8480,Conspiracy Theory,1997,neg
8481,Air Bud,1997,pos
8482,Scream,1996,neg
8484,Unmarried Woman An,1978,pos
8485,Air Force One,1997,pos
8486,Conspiracy Theory,1997,pos
8487,Godfather The,1972,pos
8488,G.I. Jane,1997,pos
8489,Picture Perfect,1997,pos
8490,Spawn,1997,pos
8491,Tetsuo II: Body Hammer,1992,pos
8493,Conspiracy Theory,1997,pos
8494,Little Romance A,1979,pos
8495,Chacun cherche son chat,1996,pos
8496,Heat,1995,pos
8497,Mimic,1997,pos
8498,Box of Moonlight,1996,pos
8499,Top Hat,1935,pos
8501,Ulees Gold,1997,pos
8502,Conspiracy Theory,1997,pos
8503,North by Northwest,1959,pos
8504,Conspiracy Theory,1997,pos
8505,Trees Lounge,1996,pos
8506,Only When I Laugh,1981,pos
8507,Free Willy 3: The Rescue,1997,pos
8509,Chacun cherche son chat,1996,pos
8515,Shine,1996,pos
8516,Things Change,1988,pos
8517,Men in Black,1997,pos
8518,Relic The,1997,neg
8528,Conspiracy Theory,1997,pos
8531,Batman,null,neg
8532,Shiloh,1997,pos
8533,Castle The,null,pos
8534,Swingers,1996,pos
8539,Michael Collins,1996,pos
8540,Big Red One The,1980,pos
8541,Men in Black,1997,pos
8542,Raiders of the Lost Ark,1981,pos
8543,Cop Land,1997,pos
8544,Face/Off,1997,pos
8545,Batman & Robin,1997,neg
8546,Conspiracy Theory,1997,pos
8547,Steel,1997,pos
8548,From the Terrace,1960,pos
8549,Bed of Roses,1996,pos
8550,From the Terrace,1960,pos
8551,Conspiracy Theory,1997,neg
8552,Air Force One,1997,pos
8553,Fun and Fancy Free,1947,pos
8554,Addicted to Love,1997,pos
8555,Austin Powers: International Man of Mystery,1997,neg
8556,Fifth Element The,1997,pos
8557,Breakdown,1997,pos
8559,Speed 2: Cruise Control,1997,neg
8560,Trial and Error,1997,neg
8561,Crash,1996,pos
8562,Box of Moonlight,1996,pos
8563,Conspiracy Theory,1997,neg
8564,Picture Perfect,1997,neg
8565,Conspiracy Theory,1997,neg
8566,Shall We Dansu?,1996,pos
8567,Hunt for Red October The,1990,pos
8568,Jerry Maguire,1996,pos
8569,Shall We Dansu?,1996,pos
8570,Lawrence of Arabia,1962,pos
8571,Lost Highway,1997,pos
8572,Blondie,1938,pos
8573,How to Be a Player,1997,neg
8574,Tromeo and Juliet,1996,neg
8575,Empire Records,1995,neg
8576,Picture Perfect,1997,neg
8577,Conspiracy Theory,1997,pos
8578,Jerry Maguire,1996,pos
8580,Cop Land,1997,pos
8581,Floating Life,1996,pos
8582,Box of Moonlight,1996,pos
8583,Winner The,1996,neg
8584,Dream with the Fishes,1997,neg
8585,Chacun cherche son chat,1996,pos
8586,Cop Land,1997,pos
8587,Independence Day,1996,pos
8588,Romy and Micheles High School Reunion,1997,pos
8590,Event Horizon,1997,pos
8591,Sunrise,1927,pos
8593,Event Horizon,1997,pos
8594,Winner The,1996,pos
8595,Addicted to Love,1997,pos
8597,Phenomena,1985,pos
8599,Dumbo,1941,pos
8600,Rashomon,1950,pos
8601,Battle Arena Toshinden,1997,neg
8602,Spawn,1997,neg
8603,Time to Kill A,1996,neg
8604,People vs. Larry Flynt The,1996,pos
8605,Scream,1996,pos
8607,Cop Land,1997,pos
8608,Air Force One,1997,pos
8609,Assault on Precinct 13,1976,pos
8610,Universal Story The,1995,pos
8611,Steel,1997,pos
8612,Event Horizon,1997,pos
8613,Preachers Wife The,1996,pos
8614,Escape from L.A.,1996,pos
8615,Conspiracy Theory,1997,pos
8616,Hard Days Night A,1964,pos
8617,G.I. Jane,1997,pos
8618,My Best Friends Wedding,1997,pos
8619,Event Horizon,1997,neg
8620,Speed 2: Cruise Control,1997,neg
8621,House of the Spirits The,1993,pos
8622,Money Talks,1997,neg
8623,Buddy Holly Story The,1978,pos
8624,Cop Land,1997,pos
8625,Cop Land,1997,pos
8626,Career Girls,1997,pos
8627,Money Talks,1997,pos
8628,Steel,1997,pos
8629,Leave It to Beaver,1997,pos
8630,In & Out,1997,pos
8631,Cop Land,1997,pos
8632,Event Horizon,1997,pos
8633,Man for All Seasons A,1966,pos
8634,Absolute Power,1997,pos
8635,Cop Land,1997,pos
8636,Air Force One,1997,pos
8637,Cop Land,1997,pos
8638,Leave It to Beaver,1997,pos
8639,Event Horizon,1997,pos
8640,Scream,1996,neg
8641,Kokaku kidotai,1995,pos
8642,Event Horizon,1997,pos
8643,Picture Perfect,1997,pos
8644,Courtship of Eddies Father The,1963,pos
8645,In the Company of Men,1997,pos
8646,Shall We Dansu?,1996,pos
8647,Lion of Africa The,1987,pos
8648,Speed 2: Cruise Control,1997,pos
8649,Conspiracy Theory,1997,pos
8650,101 Dalmatians,1996,neg
8651,Claire of the Moon,1992,neg
8652,Blade Runner,1982,pos
8653,Amant L,1991,pos
8654,Last Action Hero,1993,pos
8656,Event Horizon,1997,neg
8657,Steel,1997,pos
8658,True Grit,1969,pos
8659,Heaven Can Wait,1978,pos
8661,Cop Land,1997,pos
8662,G.I. Jane,1997,pos
8664,Dresser The,1983,pos
8665,Lenny,1974,pos
8666,Midnight Express,1978,pos
8667,Mary Queen of Scots,1971,pos
8668,Smile Like Yours A,1997,pos
8669,Platoon,1986,pos
8670,Out to Sea,1997,pos
8671,Top Secret!,1984,pos
8672,Beetlejuice,1988,pos
8673,What Ever Happened to Baby Jane?,1962,pos
8674,Vertigo,1958,pos
8675,Devils Own The,1997,pos
8676,Mrs. Brown,1997,pos
8678,Great Santini The,1979,pos
8679,Tron,1982,pos
8680,Notorious,1946,pos
8681,Everyone Says I Love You,1996,pos
8682,SubUrbia,1997,pos
8683,Ransom,1996,pos
8684,Cop Land,1997,pos
8685,Devils Own The,1997,pos
8686,Murder at 1600,1997,neg
8687,True Lies,1994,pos
8688,Spawn,1997,neg
8690,Steel,1997,neg
8692,Cop Land,1997,pos
8694,Lost World: Jurassic Park The,1997,pos
8696,Event Horizon,1997,pos
8697,Clara Hakedosha,1996,pos
8698,Ikiru,1952,pos
8699,G.I. Jane,1997,pos
8700,Smile Like Yours A,1997,pos
8701,Laughing Policeman The,1973,pos
8702,Masterminds,1997,pos
8703,Review for Studio One,1948,pos
8705,Seconds,1966,pos
8708,Mr. India,1987,pos
8709,Trading Places,1983,pos
8711,Ponette,1996,pos
8712,Love Serenade,1996,pos
8713,Fifth Element The,1997,pos
8714,Star Maps,1997,pos
8715,Everyone Says I Love You,1996,pos
8716,Survivors The,1983,pos
8717,Everyone Says I Love You,1996,pos
8718,Lost Highway,1997,pos
8719,George of the Jungle,1997,pos
8720,Mimic,1997,pos
8721,Mimic,1997,pos
8723,Smile Like Yours A,1997,pos
8724,Star Maps,1997,pos
8725,Hoodlum,1997,pos
8726,Masterminds,1997,neg
8728,Event Horizon,1997,neg
8729,Kiss Me Guido,1997,pos
8730,L.A. Confidential,1997,pos
8731,Cop Land,1997,pos
8732,Good Burger,1997,pos
8733,Chacun cherche son chat,1996,pos
8734,Cop Land,1997,pos
8735,G.I. Jane,1997,pos
8736,Streets of Fire,1984,pos
8737,Jing cha gu shi III: Chao ji jing cha,1992,pos
8738,M. Butterfly,1993,pos
8739,Fargo,1996,pos
8740,Donner Party The,1992,pos
8741,G.I. Jane,1997,pos
8744,Romeo + Juliet,1996,pos
8745,12 Angry Men,1997,pos
8746,Event Horizon,1997,neg
8747,G.I. Jane,1997,pos
8748,Steel,1997,pos
8749,Clueless,1995,pos
8750,Life Apart: Hasidism in America A,1997,pos
8751,Lineup The,1958,pos
8753,Goonies The,1985,pos
8754,Ponette,1996,pos
8755,Baby-Sitters Club The,1995,pos
8775,Hoodlum,1997,pos
8776,Event Horizon,1997,pos
8777,Mimic,1997,pos
8778,Taxi Driver,1976,pos
8779,Kull the Conqueror,1997,pos
8780,G.I. Jane,1997,pos
8781,Logans Run,1976,pos
8783,Crimson Tide,1995,pos
8784,Shes So Lovely,1997,pos
8785,Event Horizon,1997,pos
8786,Strapless,1989,pos
8790,Excess Baggage,1997,pos
8791,Lucky Break,1994,pos
8792,Kull the Conqueror,1997,pos
8800,Hoodlum,1997,pos
8801,Excess Baggage,1997,pos
8802,Tetsuo,1988,pos
8803,Mother,null,pos
8804,Murder at 1600,1997,pos
8805,Madness of King George The,1994,pos
8806,Space Jam,1996,pos
8807,Homicide,1991,pos
8809,Face/Off,1997,pos
8810,G.I. Jane,1997,pos
8811,Career Girls,1997,pos
8812,Masterminds,1997,pos
8813,Mimic,1997,neg
8814,Fools Rush In,1997,neg
8816,Monty Python and the Holy Grail,1975,pos
8817,Star Wars,1977,pos
8818,Ghost and the Darkness The,1996,pos
8819,Sword in the Stone The,1963,pos
8820,Ill Never Forget Whats is Name,1967,pos
8821,Romeo + Juliet,1996,pos
8822,High School High,1996,pos
8823,Daylight,1996,pos
8824,Jerry Maguire,1996,pos
8825,Ransom,1996,pos
8826,Star Trek: First Contact,1996,pos
8829,English Patient The,1996,neg
8830,Evita,1996,pos
8831,Jing cha gu shi IV: Jian dan ren wu,1996,pos
8833,In Love and War,1997,pos
8836,Relic The,1997,pos
8837,Return of the Jedi,1983,pos
8838,Star Wars,1977,pos
8839,Inventing the Abbotts,1997,pos
8840,Absolute Power,1997,pos
8841,Romy and Micheles High School Reunion,1997,pos
8842,Fifth Element The,1997,pos
8843,Breakdown,1997,pos
8844,Everyone Says I Love You,1996,pos
8855,Shes So Lovely,1997,pos
8856,Fan The,1996,neg
8857,Primal Fear,1996,pos
8858,2001: A Space Odyssey,1968,pos
8859,Hoodlum,1997,pos
8860,Scream,1996,pos
8861,Jui kuen II,1994,pos
8863,Turbulence,1997,neg
8864,Night of the Hunter The,1955,pos
8865,Bridge Too Far A,1977,pos
8866,Hoodlum,1997,pos
8867,Shall We Dansu?,1996,pos
8869,Leave It to Beaver,1997,pos
8870,Hoodlum,1997,pos
8871,Room with a View A,1986,pos
8872,Everyone Says I Love You,1996,pos
8873,Excess Baggage,1997,pos
8874,Event Horizon,1997,neg
8875,Vertigo,1958,pos
8876,Mrs. Brown,1997,pos
8877,Cop Land,1997,pos
8878,Mimic,1997,pos
8879,Conspiracy Theory,1997,pos
8880,Excess Baggage,1997,pos
8881,Event Horizon,1997,pos
8882,Conspiracy Theory,1997,pos
8883,Before Sunrise,1995,pos
8884,Full Monty The,1997,pos
8886,Mimic,1997,pos
8887,Money Talks,1997,neg
8888,City Hall,1996,pos
8889,Excess Baggage,1997,neg
8890,Shes So Lovely,1997,pos
8891,Shes So Lovely,1997,pos
8893,In the Company of Men,1997,pos
8894,Crash,1996,pos
8895,Devils Own The,1997,pos
8896,Legend,1985,pos
8897,Career Girls,1997,pos
8898,Niagara,1953,pos
8899,Scream,1996,pos
8900,Jaws,1975,pos
8901,Fire Down Below,1997,pos
8902,Fire Down Below,1997,neg
8903,Excess Baggage,1997,neg
8904,Pulp Fiction,1994,pos
8905,Die xue jie tou,1990,pos
8906,Mimic,1997,pos
8907,Fast Cheap & Out of Control,1997,pos
8908,Over the Edge,1979,pos
8909,Shes So Lovely,1997,pos
8911,Back to the Future,1985,pos
8912,Raiders of the Lost Ark,1981,pos
8914,People vs. Larry Flynt The,1996,pos
8915,Disappearance of Garcia Lorca The,1997,pos
8916,In the Company of Men,1997,pos
8917,Last Man Standing,1996,neg
8918,Comfort and Joy,1984,pos
8919,Barton Fink,1991,pos
8920,Event Horizon,1997,pos
8921,Mimic,1997,pos
8922,End of Violence The,1997,pos
8923,Gattaca,1997,pos
8924,Game The,1997,pos
8925,Assignment The,1997,pos
8926,Ghost and the Darkness The,1996,neg
8927,Basic Instinct,1992,neg
8928,Forrest Gump,1994,pos
8929,Event Horizon,1997,neg
8930,Glen or Glenda,1953,neg
8931,Blue Velvet,1986,pos
8932,Mimic,1997,pos
8933,Shes So Lovely,1997,pos
8935,Game The,1997,pos
8936,Full Monty The,1997,pos
8937,House of Yes The,1997,pos
8938,Mimic,1997,neg
8939,Anderson Tapes The,1971,pos
8940,Fire Down Below,1997,pos
8941,Game The,1997,pos
8944,Fast Cheap & Out of Control,1997,pos
8945,L.A. Confidential,1997,pos
8947,Game The,1997,pos
8948,Drowning by Numbers,1988,pos
8949,Michael,1996,pos
8950,Fire Down Below,1997,neg
8952,Lost World: Jurassic Park The,1997,pos
8953,Breakdown,1997,pos
8954,East Side Story,1997,pos
8955,Party Girl,null,pos
8956,Pillow Book The,1996,pos
8957,Thousand Acres A,1997,pos
8958,Bandwagon,1996,pos
8960,Excess Baggage,1997,pos
8961,Murder at 1600,1997,pos
8963,Young Philadelphians The,1959,pos
8964,Raiders of the Lost Ark,1981,pos
8965,Cop Land,1997,pos
8966,Rapture The,1991,pos
8967,Batman & Robin,1997,neg
8968,Color of a Brisk and Leaping Day,1996,pos
8969,Contact,1997,pos
8970,Apocalypse The,1997,pos
8971,Good Burger,1997,pos
8973,Game The,1997,pos
8974,Game The,1997,pos
8975,In & Out,1997,pos
8976,L.A. Confidential,1997,pos
8977,Game The,1997,pos
8978,L.A. Confidential,1997,pos
8979,Spiklenci slasti,1996,pos
8980,Game The,1997,pos
8982,Game The,1997,pos
8983,Game The,1997,pos
8984,4 Little Girls,1997,pos
8985,Fire Down Below,1997,pos
8986,Sunday,1997,pos
8987,L.A. Confidential,1997,pos
8988,Gattaca,1997,pos
8989,Game The,1997,pos
8990,In & Out,1997,pos
8991,Sense and Sensibility,1995,pos
8992,Full Monty The,1997,pos
8993,Game The,1997,pos
8994,Fire Down Below,1997,pos
8995,Mimic,1997,pos
8996,Going All the Way,1997,pos
8997,Mars Attacks!,1996,pos
8998,In the Company of Men,1997,pos
9003,Game The,1997,pos
9004,Welcome To Sarajevo,1997,pos
9006,Lay of the Land The,1997,pos
9007,In & Out,1997,pos
9008,Fluke,1995,pos
9009,Gravesend,1997,pos
9011,Game The,1997,pos
9012,Vertigo,1958,pos
9013,Zhong Nan Hai bao biao,1994,pos
9014,Game The,1997,pos
9015,Riding the Rails,1997,pos
9016,Full Monty The,1997,pos
9017,Excess Baggage,1997,neg
9018,Austin Powers: International Man of Mystery,1997,pos
9019,Mimic,1997,pos
9020,Men in Black,1997,pos
9021,Peacemaker The,1997,pos
9022,Eves Bayou,1997,pos
9024,Dune,1984,pos
9025,Dead Man,1995,pos
9026,Ed Wood,1994,pos
9027,Elephant Man The,1980,pos
9028,Lost World: Jurassic Park The,1997,pos
9029,Fifth Element The,1997,pos
9030,Full Metal Jacket,1987,pos
9031,Sunday,1997,pos
9032,Intimate Relations,1996,pos
9033,Game The,1997,pos
9034,Swept from the Sea,1997,pos
9035,MatchMaker The,1997,pos
9036,Thousand Acres A,1997,pos
9037,Kiss the Girls,1997,pos
9038,Boyz N the Hood,1991,pos
9039,Juice,1992,pos
9040,Beaumarchais linsolent,1996,pos
9042,In the Company of Men,1997,pos
9043,Men in Black,1997,pos
9044,Game The,1997,pos
9045,Thousand Acres A,1997,pos
9046,L.A. Confidential,1997,pos
9047,Hercules,1997,pos
9048,Visions of Light,1992,pos
9049,Thousand Acres A,1997,pos
9050,Great Waldo Pepper The,1975,pos
9051,Se7en,1995,pos
9052,Fire Down Below,1997,neg
9053,Game The,1997,pos
9054,Peacemaker The,1997,pos
9055,Thoroughly Modern Millie,1967,pos
9056,Game The,1997,pos
9057,In & Out,1997,pos
9058,Double Indemnity,1944,pos
9059,Romeo + Juliet,1996,neg
9060,Wishmaster,1997,pos
9063,Simple Wish A,1997,pos
9064,In & Out,1997,pos
9065,In & Out,1997,pos
9066,Money Talks,1997,neg
9067,Cop Land,1997,neg
9068,Abyss The,1989,pos
9069,Independence Day,1996,pos
9070,Edge The,1997,pos
9071,Lost World: Jurassic Park The,1997,pos
9072,Intimate Relations,1996,pos
9073,L.A. Confidential,1997,pos
9074,In the Company of Men,1997,pos
9075,L.A. Confidential,1997,pos
9076,In & Out,1997,pos
9077,Saint The,1997,pos
9078,MatchMaker The,1997,pos
9080,Wishmaster,1997,pos
9081,Fast Cheap & Out of Control,1997,pos
9082,Schelme von Schelm Die,1995,pos
9083,Full Tilt Boogie,1997,pos
9084,Myth of Fingerprints The,1997,pos
9085,12 Angry Men,1957,pos
9086,And the Band Played On,1993,pos
9087,Afterglow,1997,pos
9088,L.A. Confidential,1997,pos
9089,James and the Giant Peach,1996,pos
9090,Seven Years in Tibet,1997,pos
9092,Edge The,1997,pos
9093,Gravesend,1997,pos
9094,Assignment The,1997,pos
9095,Little Foxes The,1941,pos
9096,Game The,1997,pos
9097,In & Out,1997,pos
9099,Intimate Relations,1996,pos
9100,Soul Food,1997,pos
9102,Intimate Relations,1996,pos
9103,Edge The,1997,pos
9104,Muppet Treasure Island,1996,pos
9105,Harriet the Spy,1996,pos
9106,Kull the Conqueror,1997,pos
9107,L.A. Confidential,1997,pos
9108,Thousand Acres A,1997,pos
9109,Gattaca,1997,pos
9110,Stargate,1994,pos
9112,Gaam yuk fung wan,1987,pos
9113,True Lies,1994,pos
9114,English Patient The,1996,pos
9115,Ghosts of Mississippi,1996,pos
9117,Lilies,1996,pos
9118,Lady Beware,1987,neg
9120,James and the Giant Peach,1996,pos
9121,George of the Jungle,1997,pos
9122,Peacemaker The,1997,pos
9124,Peacemaker The,1997,pos
9125,Washington Square,1997,pos
9126,In & Out,1997,neg
9127,Patriot Games,1992,pos
9128,Swept from the Sea,1997,pos
9129,Wings of the Dove The,1997,pos
9130,End of Violence The,1997,pos
9131,Love and Death on Long Island,1997,pos
9132,Edge The,1997,pos
9133,Waco: The Rules of Engagement,1997,pos
9134,Peacemaker The,1997,pos
9135,Mutters Courage,1995,pos
9136,Cop Land,1997,neg
9137,Edge The,1997,pos
9138,Shall We Dansu?,1996,pos
9141,Conrack,1974,pos
9142,Sheepman The,1958,pos
9143,Tarzan and His Mate,1934,pos
9144,My Best Friends Wedding,1997,pos
9145,Ice Storm The,1997,pos
9146,Peacemaker The,1997,pos
9147,Broken Arrow,1996,pos
9148,Game The,1997,pos
9149,Amadeus,1984,pos
9150,Peacemaker The,1997,pos
9152,Speed 2: Cruise Control,1997,neg
9153,Black Swan The,1942,pos
9154,Going All the Way,1997,pos
9156,Sunday,1997,pos
9157,Repulsion,1965,pos
9158,Peacemaker The,1997,pos
9159,Ice Storm The,1997,pos
9160,Love Always,1997,pos
9161,Wings of the Dove The,1997,pos
9162,Two Girls and a Guy,1997,neg
9163,Thousand Acres A,1997,pos
9164,Gravesend,1997,pos
9165,Kicked in the Head,1997,pos
9166,Thousand Acres A,1997,pos
9168,Edge The,1997,pos
9169,Young Lions The,1958,pos
9170,Buddy,1997,pos
9171,Full Monty The,1997,pos
9173,Peacemaker The,1997,pos
9174,Peacemaker The,1997,pos
9175,Contact,1997,pos
9176,Kiss the Girls,1997,pos
9177,Edge The,1997,pos
9178,Fled,1996,neg
9179,My Best Friends Wedding,1997,pos
9180,Patton,1970,pos
9181,Kiss the Girls,1997,pos
9182,Mrs. Brown,1997,pos
9183,Wizards,1977,pos
9184,Edge The,1997,pos
9185,Promesse La,1996,pos
9186,Mrs. Brown,1997,pos
9187,Devils Own The,1997,pos
9189,Boogie Nights,1997,pos
9190,Locusts The,1997,pos
9191,Fast Cheap & Out of Control,1997,pos
9192,Dead Again,1991,pos
9193,Fire,1996,pos
9194,Julia,1977,pos
9195,L.A. Confidential,1997,pos
9196,Edge The,1997,pos
9198,Last Supper The,1995,pos
9199,Swiss Family Robinson,1960,pos
9200,Game The,1997,pos
9201,L.A. Confidential,1997,pos
9202,Massir al-,1997,pos
9203,Edge The,1997,pos
9204,U Turn,1997,pos
9205,Going All the Way,1997,pos
9206,Kiss the Girls,1997,pos
9208,MatchMaker The,1997,pos
9209,L.A. Confidential,1997,pos
9210,Seven Years in Tibet,1997,pos
9211,Evita,1996,pos
9212,Full Monty The,1997,pos
9213,Full Monty The,1997,pos
9214,L.A. Confidential,1997,pos
9215,Peacemaker The,1997,pos
9218,MatchMaker The,1997,pos
9219,Cable Guy The,1996,pos
9220,Liar Liar,1997,pos
9221,Relic The,1997,neg
9222,1/2 Mensch,1986,pos
9223,Thousand Acres A,1997,pos
9224,Game The,1997,pos
9225,Microcosmos: Le peuple de lherbe,1996,pos
9226,Twister,1996,pos
9227,U Turn,1997,pos
9228,Sweet Hereafter The,1997,pos
9229,Fast Cheap & Out of Control,1997,pos
9230,U Turn,1997,pos
9231,Bloodfist VI: Ground Zero,1994,pos
9232,Soul Food,1997,pos
9233,Event Horizon,1997,pos
9236,Edge The,1997,pos
9237,Twilight of the Golds The,1997,pos
9238,Mother,null,pos
9239,Pee-wees Big Adventure,1985,pos
9244,Kiss the Girls,1997,pos
9245,Full Monty The,1997,pos
9246,Seven Years in Tibet,1997,pos
9247,Different for Girls,1996,pos
9249,Ice Storm The,1997,pos
9250,MatchMaker The,1997,pos
9251,Going All the Way,1997,pos
9252,Beverly Hills Ninja,1997,pos
9253,Killers The,1946,pos
9254,U Turn,1997,pos
9255,Becket,1964,pos
9256,Guantanamera,1994,pos
9258,L.A. Confidential,1997,pos
9259,Men in Black,1997,pos
9260,Airport,1970,pos
9261,Washington Square,1997,pos
9262,Full Monty The,1997,pos
9263,Spellbound,1945,pos
9265,Free Willy 3: The Rescue,1997,pos
9266,Full Monty The,1997,pos
9267,Apostle The,1997,pos
9268,Dantes Peak,1997,neg
9269,Disappearance of Garcia Lorca The,1997,pos
9270,McHales Navy,1997,neg
9271,U Turn,1997,pos
9272,U Turn,1997,pos
9273,Edge The,1997,pos
9274,In & Out,1997,pos
9275,L.A. Confidential,1997,pos
9276,Mars,1996,pos
9277,House of Yes The,1997,pos
9279,Washington Square,1997,pos
9280,FairyTale: A True Story,1997,pos
9281,Rocket Man,1997,pos
9282,Beetlejuice,1988,pos
9283,Boogie Nights,1997,pos
9284,Extreme Measures,1996,pos
9285,Cheun gwong tsa sit,1997,pos
9286,Event Horizon,1997,pos
9287,Destry Rides Again,1939,pos
9288,Liar Liar,1997,neg
9289,Batman,1989,pos
9290,L.A. Confidential,1997,pos
9291,Dantes Peak,1997,pos
9292,Seven Years in Tibet,1997,pos
9293,Kiss the Girls,1997,pos
9294,Outbreak,1995,pos
9295,Rocket Man,1997,neg
9296,Seven Years in Tibet,1997,pos
9297,Fast Cheap & Out of Control,1997,pos
9298,Edge The,1997,pos
9299,Kiss the Girls,1997,pos
9300,Tango Lesson The,1997,pos
9301,Swept from the Sea,1997,pos
9302,Gang Related,1997,pos
9303,Boogie Nights,1997,pos
9304,I Know What You Did Last Summer,1997,pos
9305,U Turn,1997,pos
9306,Most Wanted,1997,neg
9307,Different for Girls,1996,pos
9308,Seven Years in Tibet,1997,pos
9309,Time After Time,1979,pos
9311,Seven Years in Tibet,1997,pos
9312,Breakdown,1997,pos
9313,Mars Attacks!,1996,pos
9314,Drunks,1997,pos
9315,Leaving Las Vegas,1995,pos
9316,SubUrbia,1997,pos
9317,Romy and Micheles High School Reunion,1997,pos
9318,Kingdom of the Spiders,1977,neg
9319,Most Wanted,1997,neg
9320,L.A. Confidential,1997,pos
9321,U Turn,1997,neg
9322,Soul Food,1997,pos
9323,Wishmaster,1997,pos
9324,Kiss the Girls,1997,pos
9325,House of Yes The,1997,pos
9327,Bat*21,1988,pos
9328,Fast Cheap & Out of Control,1997,pos
9329,House of Yes The,1997,pos
9330,Kiss the Girls,1997,pos
9331,Hamlet,1996,pos
9332,Devils Advocate The,1997,pos
9333,Liar Liar,1997,pos
9334,L.A. Confidential,1997,pos
9335,Action Jackson,1988,neg
9336,Another Woman,1988,pos
9337,Evita,1996,pos
9338,Breakdown,1997,pos
9339,Seven Years in Tibet,1997,pos
9340,Most Wanted,1997,neg
9341,Riget II,1997,pos
9342,Murder at 1600,1997,neg
9343,Rosewood,1997,pos
9344,Shawshank Redemption The,1994,pos
9345,I Know What You Did Last Summer,1997,pos
9346,Specialist The,1994,pos
9347,Metro,1997,pos
9351,Talk Radio,1988,pos
9352,Kiss of Death,1995,neg
9353,Gummo,1997,pos
9354,Seven Years in Tibet,1997,pos
9355,Playing God,1997,pos
9356,Seven Years in Tibet,1997,pos
9357,Game The,1997,pos
9358,Stargate,1994,pos
9359,Reservoir Dogs,1992,pos
9360,In Love and War,1997,pos
9361,Twin Peaks: Fire Walk with Me,1992,pos
9362,I Know What You Did Last Summer,1997,pos
9363,Seven Years in Tibet,1997,pos
9364,Kiss the Girls,1997,pos
9365,Mad City,1997,pos
9367,Seven Years in Tibet,1997,pos
9368,I Know What You Did Last Summer,1997,pos
9370,Fargo,1996,pos
9371,Nil by Mouth,1997,pos
9372,Playing God,1997,pos
9374,Welcome To Sarajevo,1997,pos
9375,I Know What You Did Last Summer,1997,pos
9376,Birdman of Alcatraz,1962,pos
9377,Judgment Night,1993,pos
9378,Striptease,1996,neg
9379,Lost in America,1985,pos
9380,Seven Years in Tibet,1997,pos
9383,Myth of Fingerprints The,1997,pos
9385,Critical Care,1997,pos
9387,Demoni 2,1986,neg
9388,Washington Square,1997,pos
9389,Devils Advocate The,1997,pos
9390,MatchMaker The,1997,pos
9391,Peacemaker The,1997,pos
9392,U Turn,1997,pos
9393,Devils Advocate The,1997,pos
9394,Playing God,1997,pos
9395,Contact,1997,pos
9396,I Know What You Did Last Summer,1997,pos
9398,2 Days in the Valley,1996,pos
9399,Secrets & Lies,1996,pos
9400,I Know What You Did Last Summer,1997,pos
9401,Playing God,1997,pos
9402,Metro,1997,neg
9403,Telling Lies in America,1997,pos
9404,Vegas Vacation,1997,neg
9405,Batman Returns,1992,neg
9406,Godfather: Part II The,1974,pos
9407,Devils Advocate The,1997,pos
9408,Playing God,1997,pos
9409,FairyTale: A True Story,1997,pos
9410,Gattaca,1997,pos
9411,Attack of the 50 Ft. Woman,1993,pos
9413,Twelfth Night: Or What You Will,1996,pos
9414,Deathdream,1972,pos
9415,To Have and Have Not,1944,pos
9416,Batman: Mask of the Phantasm,1993,pos
9417,Clockers,1995,pos
9418,Clockwork Orange A,1971,pos
9419,Crow The,1994,pos
9420,Crow: City of Angels The,1996,pos
9421,Crumb,1994,pos
9423,Hoop Dreams,1994,pos
9424,Paper The,1994,pos
9425,Point Break,1991,pos
9426,RoboCop,1987,pos
9427,Boogie Nights,1997,pos
9428,I Know What You Did Last Summer,1997,pos
9429,I Know What You Did Last Summer,1997,neg
9430,Edge The,1997,pos
9431,Feeling Minnesota,1996,neg
9432,Shall We Dansu?,1996,pos
9433,Crossworlds,1996,pos
9434,Shining The,1980,pos
9437,Devils Advocate The,1997,pos
9438,U Turn,1997,pos
9443,Devils Advocate The,1997,pos
9444,Devils Advocate The,1997,pos
9445,Playing God,1997,neg
9446,Eye Creatures The,1965,neg
9447,Devils Advocate The,1997,pos
9448,Devils Advocate The,1997,pos
9449,Full Monty The,1997,pos
9450,Halloween III: Season of the Witch,1982,neg
9451,Devils Advocate The,1997,pos
9452,In & Out,1997,neg
9453,Gattaca,1997,pos
9455,Devils Advocate The,1997,pos
9456,In the Company of Men,1997,pos
9458,Un chien andalou,1929,pos
9459,Babysitter The,1995,neg
9460,Gattaca,1997,pos
9461,Barcelona,1994,pos
9462,Blue Velvet,1986,pos
9463,Boogie Nights,1997,pos
9464,Julius Caesar,1970,pos
9465,King of Comedy The,1983,pos
9466,Crush The,1993,neg
9467,Gattaca,1997,pos
9469,Nowhere,1997,neg
9470,Kicking and Screaming,1995,pos
9471,Conversation The,1974,pos
9472,Seppuku,1962,pos
9473,Myth of Fingerprints The,1997,pos
9474,Devils Advocate The,1997,pos
9475,Playing God,1997,neg
9476,Daytrippers The,1996,pos
9478,On Deadly Ground,1994,neg
9479,G.I. Jane,1997,pos
9480,Gattaca,1997,pos
9481,Die Hard,1988,pos
9482,Flirting with Disaster,1996,pos
9484,Earthquake,1974,neg
9485,Eraserhead,1977,pos
9486,Excalibur,1981,pos
9487,Fahrenheit 451,1966,pos
9488,Raising Arizona,1987,pos
9492,Red Corner,1997,pos
9493,Telling Lies in America,1997,pos
9494,Rebecca,1940,pos
9495,Dear Brigitte,1965,pos
9496,Little Shop of Horrors,1986,pos
9497,Best Years of Our Lives The,1946,pos
9498,Gattaca,1997,pos
9499,Lost World: Jurassic Park The,1997,pos
9500,Life Less Ordinary A,1997,pos
9501,Gattaca,1997,pos
9502,Red Corner,1997,pos
9503,Gattaca,1997,pos
9505,Life Less Ordinary A,1997,pos
9506,Alien,1979,pos
9507,Halloween,1978,pos
9508,Air Force One,1997,pos
9509,Anaconda,1997,neg
9511,Fantasia,1940,pos
9512,Saturday Night Fever,1977,pos
9513,Per un pugno di dollari,1964,pos
9514,Lord of the Flies,1990,pos
9515,Full Monty The,1997,pos
9516,Game The,1997,pos
9517,Peacemaker The,1997,pos
9518,Boogie Nights,1997,pos
9519,Conspiracy Theory,1997,pos
9520,Blown Away,1994,pos
9521,Henry & June,1990,pos
9522,Husbands and Wives,1992,pos
9523,Jesus Christ Superstar,1973,pos
9524,Die xue shuang xiong,1989,pos
9525,Lost Highway,1997,neg
9526,Mars Attacks!,1996,pos
9527,Spanking the Monkey,1994,pos
9528,Mean Streets,1973,pos
9529,Invasion of the Body Snatchers,1956,pos
9530,Gattaca,1997,pos
9531,Life Less Ordinary A,1997,pos
9532,Babe,1995,pos
9533,I Know What You Did Last Summer,1997,neg
9534,FairyTale: A True Story,1997,pos
9535,Gattaca,1997,pos
9536,Telling Lies in America,1997,pos
9541,Gattaca,1997,pos
9542,Little Mermaid The,1989,pos
9543,Shining The,1980,pos
9544,Swimming with Sharks,1994,pos
9545,Everything You Always Wanted to Know About Sex,1972,pos
9546,Se7en,1995,pos
9547,Peacemaker The,1997,pos
9548,Natural Born Killers,1994,pos
9549,Welcome to the Dollhouse,1995,pos
9550,Unstrung Heroes,1995,pos
9554,Rocket Man,1997,neg
9555,Big,1988,pos
9557,Starship Troopers,1997,neg
9558,Bend of the River,1952,pos
9559,Latcho Drom,1993,pos
9560,Shall We Dansu?,1996,pos
9561,Switchback,1997,neg
9562,Batman & Robin,1997,neg
9563,Breaking the Waves,1996,pos
9564,Chasing Amy,1997,pos
9565,Alexis Zorbas,1964,pos
9566,I Know What You Did Last Summer,1997,neg
9567,Specialist The,1994,neg
9568,Eraserhead,1977,pos
9569,Raising Arizona,1987,pos
9570,Ice Storm The,1997,pos
9571,Rear Window,1954,pos
9572,In & Out,1997,pos
9573,Red Corner,1997,pos
9574,Anaconda,1997,neg
9575,Bean,1997,pos
9576,Switchback,1997,pos
9577,Hudsucker Proxy The,1994,pos
9578,Laura,1944,pos
9579,Picture Perfect,1997,pos
9580,Richard III,1995,pos
9581,Happy Gilmore,1996,neg
9582,Bound,1995,pos
9583,Superfly,1972,pos
9584,Out-of-Towners The,1970,pos
9585,Contact,1997,pos
9586,Gattaca,1997,pos
9587,Switchback,1997,pos
9588,Batman & Robin,1997,neg
9589,L.A. Confidential,1997,pos
9590,Devils Advocate The,1997,pos
9592,Life Less Ordinary A,1997,pos
9595,Liar Liar,1997,pos
9596,Year of the Horse,1997,pos
9598,Trial and Error,1997,neg
9599,Little Princess A,1995,pos
9600,Boogie Nights,1997,pos
9601,Switchback,1997,pos
9602,Tango Lesson The,1997,pos
9603,Game The,1997,neg
9604,Halloween,1978,pos
9605,Switchback,1997,pos
9606,Boogie Nights,1997,pos
9607,Batman & Robin,1997,neg
9608,Jiu er shen diao xia lu zhi chi xin chang jian,1992,pos
9609,Little Mermaid The,1989,pos
9613,Time Bandits,1981,pos
9614,Bean,1997,pos
9615,Devils Advocate The,1997,pos
9616,Peacemaker The,1997,pos
9617,Critical Care,1997,pos
9618,Red Corner,1997,pos
9619,Mimic,1997,pos
9620,Conspiracy Theory,1997,pos
9621,Game The,1997,pos
9622,Peacemaker The,1997,pos
9623,Full Monty The,1997,pos
9624,Seven Years in Tibet,1997,pos
9625,Kiss the Girls,1997,neg
9626,Red Corner,1997,pos
9627,Game The,1997,pos
9628,Gattaca,1997,pos
9629,Titanic,1997,pos
9631,Full Monty The,1997,pos
9632,Spawn,1997,neg
9633,Life Less Ordinary A,1997,neg
9634,Game The,1997,pos
9635,Men in Black,1997,pos
9637,Mad City,1997,pos
9638,Life Less Ordinary A,1997,pos
9639,Starship Troopers,1997,pos
9640,Save the Tiger,1973,pos
9641,L.A. Confidential,1997,pos
9642,Dust Off the Wings,1997,pos
9643,Lucas,1986,pos
9644,Stagecoach,1939,pos
9645,Rear Window,1954,pos
9646,Blade Runner,1982,pos
9647,Gattaca,1997,pos
9649,Boogie Nights,1997,pos
9650,Eves Bayou,1997,pos
9651,Boys from Brazil The,1978,pos
9652,Rome Adventure,1962,pos
9653,Welcome To Sarajevo,1997,pos
9654,Starship Troopers,1997,pos
9656,Conspiracy Theory,1997,pos
9657,Sweet Hereafter The,1997,pos
9658,Mad City,1997,pos
9660,I Know What You Did Last Summer,1997,neg
9661,Buono il brutto il cattivo Il,1966,pos
9662,Vertigo,1958,pos
9663,Cera una volta il West,1969,pos
9664,Sex Lies and Videotape,1989,pos
9665,Terminator 2: Judgment Day,1991,pos
9666,Demolition Man,1993,neg
9667,Face/Off,1997,pos
9668,First Knight,1995,pos
9669,Scream,1996,pos
9670,Jerry Maguire,1996,pos
9671,Starship Troopers,1997,pos
9672,Boogie Nights,1997,pos
9673,Starship Troopers,1997,pos
9674,Gattaca,1997,pos
9675,Boogie Nights,1997,pos
9676,Switchback,1997,neg
9677,Full Metal Jacket,1987,pos
9678,Bang,1995,pos
9679,Red Corner,1997,pos
9680,Boogie Nights,1997,pos
9681,Bean,1997,pos
9682,Whoops Apocalypse,1986,pos
9683,Daylight,1996,pos
9684,Absence of Malice,1981,pos
9685,Cop Land,1997,pos
9687,Officer and a Gentleman An,1982,pos
9688,Starship Troopers,1997,pos
9689,Wings of the Dove The,1997,pos
9690,Bean,1997,pos
9691,Top o Nerae!,1989,pos
9692,Henry: Portrait of a Serial Killer,1986,pos
9693,Super Mario Bros.,1993,neg
9694,Phantasm,1979,pos
9695,Boogie Nights,1997,pos
9696,Kiss the Girls,1997,pos
9697,Mortal Thoughts,1991,pos
9698,Gattaca,1997,pos
9699,Year of the Horse,1997,pos
9701,Bean,1997,pos
9702,Game The,1997,pos
9703,Little Mermaid The,1989,pos
9704,Starship Troopers,1997,neg
9705,Kiss the Girls,1997,pos
9706,Ice Storm The,1997,pos
9707,Fifth Element The,1997,pos
9708,Starship Troopers,1997,pos
9709,Starship Troopers,1997,pos
9710,Boogie Nights,1997,pos
9711,Bean,1997,pos
9712,Grande illusion La,1937,pos
9713,Mad City,1997,pos
9715,Chienne La,1931,pos
9716,Frighteners The,1996,pos
9717,Heavenly Creatures,1994,pos
9719,Dream Lover,1994,pos
9720,Starship Troopers,1997,pos
9721,Kiss the Girls,1997,neg
9722,Starship Troopers,1997,neg
9723,FairyTale: A True Story,1997,pos
9724,Nothing to Lose,1997,neg
9725,Rebel Without a Cause,1955,pos
9726,Starship Troopers,1997,neg
9727,Starship Troopers,1997,pos
9728,Pulp Fiction,1994,pos
9729,Aliens,1986,pos
9730,Man Who Knew Too Little The,1997,pos
9731,Starship Troopers,1997,pos
9732,Mad City,1997,pos
9735,Starship Troopers,1997,neg
9736,Dirty Dancing,1987,pos
9737,Falling Down,1993,pos
9738,Ace Ventura: Pet Detective,1994,neg
9739,Touch of Evil,1958,pos
9740,Out for Justice,1991,neg
9741,Broken Arrow,1996,pos
9742,Starship Troopers,1997,pos
9744,Starship Troopers,1997,neg
9745,Starship Troopers,1997,pos
9746,Starship Troopers,1997,pos
9747,Boogie Nights,1997,pos
9748,Starship Troopers,1997,pos
9749,Life Less Ordinary A,1997,pos
9752,101 Dalmatians,1996,neg
9753,Everyone Says I Love You,1996,pos
9755,Starship Troopers,1997,pos
9756,Bean,1997,neg
9757,Starship Troopers,1997,neg
9758,Apollo 13,1995,pos
9760,Starship Troopers,1997,pos
9761,Eves Bayou,1997,pos
9762,One Night Stand,1997,pos
9763,Mad City,1997,pos
9764,Starship Troopers,1997,pos
9765,Starship Troopers,1997,pos
9766,Jackal The,1997,pos
9767,Parenthood,1989,pos
9768,Critical Care,1997,pos
9769,Starship Troopers,1997,pos
9770,Chamber The,1996,pos
9771,Anastasia,1997,pos
9772,Days of Heaven,1978,pos
9773,Bean,1997,pos
9774,Mad City,1997,pos
9775,Myth of Fingerprints The,1997,pos
9776,George of the Jungle,1997,pos
9777,Starship Troopers,1997,neg
9778,Beauty and the Beast: The Enchanted Christmas,1997,pos
9779,Jackal The,1997,pos
9780,Man Who Knew Too Little The,1997,pos
9781,Starship Troopers,1997,neg
9782,From Here to Eternity,1953,pos
9783,Mousey,1974,pos
9784,Jackal The,1997,pos
9785,Basquiat,1996,pos
9786,Bean,1997,pos
9787,Starship Troopers,1997,pos
9788,Starship Troopers,1997,neg
9789,Starship Troopers,1997,pos
9790,Man Who Knew Too Little The,1997,pos
9791,Jackal The,1997,neg
9792,Alien: Resurrection,1997,pos
9793,Starship Troopers,1997,pos
9794,Man Who Knew Too Little The,1997,pos
9795,One Night Stand,1997,pos
9797,Anaconda,1997,neg
9798,Beauty and the Beast: The Enchanted Christmas,1997,pos
9799,Aliens,1986,pos
9800,Boogie Nights,1997,pos
9801,Ice Storm The,1997,pos
9802,Thief,1981,pos
9803,Anastasia,1997,pos
9804,Air Force One,1997,pos
9805,Kiss or Kill,1997,pos
9807,Red Corner,1997,pos
9808,Game The,1997,neg
9809,Fire Down Below,1997,pos
9811,G.I. Jane,1997,pos
9812,One Night Stand,1997,pos
9813,Anaconda,1997,neg
9815,To Gillian on Her 37th Birthday,1996,pos
9816,Scrooged,1988,neg
9817,Rainmaker The,1997,pos
9818,Mad City,1997,pos
9819,Wings of the Dove The,1997,pos
9820,Kiss the Girls,1997,pos
9821,Double Team,1997,pos
9823,Fast Cheap & Out of Control,1997,pos
9824,Sorcerer,1977,pos
9825,Shichinin no samurai,1954,pos
9826,Jackal The,1997,pos
9828,Jackal The,1997,neg
9829,Life Less Ordinary A,1997,pos
9830,Kiss the Girls,1997,pos
9831,Starship Troopers,1997,pos
9832,Mad City,1997,pos
9834,Ice Storm The,1997,pos
9836,Crooked Hearts,1991,pos
9837,Anastasia,1997,pos
9839,Boogie Nights,1997,pos
9840,Starship Troopers,1997,pos
9841,Starship Troopers,1997,pos
9842,Mrs. Winterbourne,1996,pos
9843,You hua hao hao shuo,1997,neg
9846,Bean,1997,pos
9848,Ice Storm The,1997,pos
9849,Austin Powers: International Man of Mystery,1997,neg
9850,American Werewolf in London An,1981,pos
9851,Starship Troopers,1997,pos
9854,Midnight in the Garden of Good and Evil,1997,pos
9855,Keep the Aspidistra Flying,1997,pos
9856,Hugo Pool,1997,pos
9857,Dr. Strangelove or: How I Learned to Stop Worrying and Love the Bomb,1964,pos
9859,Waiting for Guffman,1996,pos
9860,Jackal The,1997,neg
9861,Welcome To Sarajevo,1997,pos
9862,Life Less Ordinary A,1997,neg
9863,Under Siege,1992,pos
9865,Pulp Fiction,1994,pos
9867,Dantes Peak,1997,pos
9868,Starship Troopers,1997,pos
9869,Beauty and the Beast: The Enchanted Christmas,1997,pos
9870,Midnight in the Garden of Good and Evil,1997,pos
9871,Midnight in the Garden of Good and Evil,1997,pos
9872,One Night Stand,1997,pos
9873,Man Who Knew Too Little The,1997,pos
9874,Midnight in the Garden of Good and Evil,1997,pos
9875,To Hell and Back,1955,pos
9876,Ed Wood,1994,pos
9877,Men with Guns,null,pos
9878,Rainmaker The,1997,pos
9879,Devils Advocate The,1997,pos
9880,Devil and Daniel Webster The,1941,pos
9881,Vanina Vanini,1961,pos
9883,Ice Storm The,1997,pos
9884,Kiss the Girls,1997,pos
9885,Lawnmower Man 2: Beyond Cyberspace,1996,pos
9886,Kiss or Kill,1997,pos
9887,Alien: Resurrection,1997,pos
9888,Batman & Robin,1997,neg
9889,Alien: Resurrection,1997,pos
9892,Rosewood,1997,pos
9893,Citizen Kane,1941,pos
9894,Nothing to Lose,1997,neg
9895,Star Trek: Generations,1994,pos
9897,Die Hard,1988,pos
9898,Die Hard 2,1990,pos
9899,Wag the Dog,1997,pos
9900,Planes Trains & Automobiles,1987,pos
9901,Flubber,1997,neg
9902,Midnight in the Garden of Good and Evil,1997,pos
9903,Mortal Kombat: Annihilation,1997,neg
9904,Die Hard: With a Vengeance,1995,pos
9906,Star Wars,1977,pos
9907,Lost World: Jurassic Park The,1997,pos
9908,Grosse Pointe Blank,1997,pos
9909,Money Talks,1997,neg
9910,Con Air,1997,pos
9912,Soul Food,1997,pos
9913,Midnight in the Garden of Good and Evil,1997,pos
9914,Cheun gwong tsa sit,1997,pos
9915,Alien: Resurrection,1997,pos
9916,Anastasia,1997,pos
9917,Anastasia,1997,pos
9918,Midnight in the Garden of Good and Evil,1997,pos
9919,Baby-Sitters Club The,1995,pos
9920,Midnight in the Garden of Good and Evil,1997,pos
9921,Anastasia,1997,pos
9923,Man Who Knew Too Little The,1997,pos
9924,Amistad,1997,pos
9925,Flubber,1997,neg
9926,Alien: Resurrection,1997,pos
9928,Alien: Resurrection,1997,pos
9929,Schindlers List,1993,pos
9930,Mortal Kombat: Annihilation,1997,neg
9931,Tengoku to jigoku,1963,pos
9932,Bean,1997,neg
9933,Escort The,1997,neg
9935,Ice Storm The,1997,pos
9937,Anastasia,1997,neg
9938,Basketball Diaries The,1995,pos
9940,Welcome To Sarajevo,1997,pos
9941,Sweet Hereafter The,1997,pos
9942,Rainmaker The,1997,pos
9943,Alien: Resurrection,1997,pos
9944,One Night Stand,1997,pos
9945,Anastasia,1997,pos
9946,Waiting for Guffman,1996,pos
9947,Mortal Kombat,1995,neg
9948,Mortal Kombat: Annihilation,1997,neg
9949,Midnight in the Garden of Good and Evil,1997,pos
9950,Rainmaker The,1997,pos
9951,Alien,1979,pos
9952,Alien: Resurrection,1997,pos
9953,Aliens,1986,pos
9955,Nothing to Lose,1997,neg
9956,One Night Stand,1997,pos
9957,Midnight in the Garden of Good and Evil,1997,pos
9958,Winter Guest The,1997,pos
9959,Suicide Kings,1997,pos
9961,Devils Advocate The,1997,pos
9962,Bean,1997,neg
9963,Rainmaker The,1997,pos
9964,Jackal The,1997,pos
9965,Rainmaker The,1997,pos
9966,Mortal Kombat: Annihilation,1997,neg
9967,Flubber,1997,pos
9968,Rainmaker The,1997,pos
9969,Alien: Resurrection,1997,pos
9971,I Know What You Did Last Summer,1997,pos
9972,Wings of the Dove The,1997,pos
9973,Suicide Kings,1997,neg
9974,Men in Black,1997,pos
9975,Spawn,1997,neg
9976,G.I. Jane,1997,pos
9977,Amistad,1997,pos
9979,To Wong Foo Thanks for Everything Julie Newmar,1995,pos
9980,Alien: Resurrection,1997,pos
9981,Anastasia,1997,pos
9983,Alien: Resurrection,1997,pos
9984,Bent,1997,pos
9985,Anastasia,1997,pos
9986,Snow White,1997,pos
9987,Eight Men Out,1988,pos
9988,Jackal The,1997,pos
9989,Alien,1979,pos
9990,Alien: Resurrection,1997,pos
9991,Shawshank Redemption The,1994,pos
9993,Men in Black,1997,pos
9994,Jackal The,1997,pos
9995,Midsummer Nights Dream A,1935,pos
9997,Alien: Resurrection,1997,pos
9998,Selena,1997,pos
9999,Miracle on 34th Street,1994,pos
